1,5	19,6	0,2	0,0	4,17	1,1	0,24
0,3	21,0	2,0	4,0	5,19	0,3	13,5
6,0	1,0	6,0	0,0	1,0	2,0	6,0
0,0	2,0	1,0	0,0	1,0	4,0	3,0
3,0	6,7	0,0	4,0	20,0	4,0	5,0
1,0	12,0	3,1	0,0	4,0	3,0	8,4
16,0	8,0	10,0	1,0	0,17	4,0	7,0
2,0	10,0	2,0	15,0	7,0	4,0	6,0
0,0	15,0	3,0	2,0	0,0	0,0	2,0
0,0	5,1	0,1	1,0	0,1	1,0	2,0
4,0	4,1	3,0	0,0	5,0	2,0	1,1
4,0	3,0	0,1	1,0	10,0	0,0	0,5
4,0	0,13	1,0	2,1	1,0	4,0	1,6
10,0	10,1	2,1	0,0	2,0	1,0	1,0
1,0	2,0	0,0	3,0	3,3	7,0	0,0
1,0	6,0	0,5	6,0	6,0	5,0	7,0
0,0	0,5	1,2	2,0	16,0	3,0	3,1
1,0	2,0	3,0	3,0	11,0	2,0	6,0
0,0	1,1	1,1	1,0	8,1	0,0	1,1
0,0	12,0	4,0	0,0	0,0	0,0	3,0
5,0	0,3	1,2	0,0	0,21	0,0	0,1
6,2	27,0	8,0	0,0	6,0	10,0	8,0
3,0	5,1	0,0	0,0	2,1	4,0	16,0
0,1	0,1	1,1	4,0	4,0	1,2	0,0
0,7	13,0	9,1	0,1	1,9	3,6	33,4
7,0	5,0	0,0	3,0	4,0	14,0	5,0
4,1	0,4	0,2	0,0	0,4	0,5	0,0
0,0	13,0	2,0	4,0	3,3	0,3	7,0
0,3	0,8	2,1	0,26	0,3	1,2	0,0
1,0	6,5	4,0	0,0	16,0	9,0	0,2
0,0	4,1	0,9	0,6	0,3	0,4	1,1
2,0	1,1	9,0	4,0	0,0	0,0	0,0
0,2	2,12	0,2	0,3	5,24	0,10	1,2
1,0	0,2	0,0	1,1	0,0	1,0	3,0
0,3	2,0	0,0	0,1	0,2	3,0	0,0
2,0	8,0	6,0	3,0	6,0	0,0	0,0
2,0	5,5	0,13	0,3	0,4	0,1	0,0
13,13	0,20	3,4	0,3	0,12	0,1	0,5
0,2	0,7	5,0	0,0	0,0	0,0	0,0
3,39	3,11	16,4	3,0	3,5	6,0	0,0
2,11	0,11	0,7	0,6	0,1	0,1	0,3
0,4	1,8	2,0	0,1	0,0	0,0	0,0
0,13	1,1	0,5	2,0	0,0	4,1	2,0
0,0	9,0	7,0	1,1	12,0	0,0	0,0
0,0	0,4	13,3	0,0	6,1	8,0	0,3
1,0	0,3	0,3	0,2	0,3	0,0	0,0
5,1	0,7	1,1	1,0	2,0	0,4	0,0
0,7	1,2	0,0	0,3	1,14	0,1	0,1
0,5	0,10	0,0	0,7	0,39	0,3	0,1
1,2	2,0	3,4	0,2	3,1	1,4	0,0
1,5	0,1	3,6	0,0	1,0	0,1	0,0
0,5	0,6	0,11	0,6	0,5	0,0	1,0
1,0	6,0	11,0	0,0	8,0	5,0	1,0
1,8	4,1	0,3	0,0	0,0	0,0	0,0
2,3	0,16	0,5	0,1	0,2	0,2	0,0
2,1	1,6	0,17	0,1	0,9	6,0	4,5
0,0	3,2	0,7	2,0	0,9	1,0	0,0
10,2	5,2	9,0	0,0	4,1	2,2	0,0
0,1	1,3	0,4	0,7	0,0	0,0	0,0
0,0	1,2	0,1	1,2	0,1	1,0	0,0
0,0	3,0	7,0	0,0	3,0	3,0	0,0
0,0	0,2	5,0	6,0	1,0	0,0	0,0
5,0	1,0	4,0	0,0	4,0	1,2	0,0
1,0	2,0	14,0	1,0	35,1	3,0	0,0
3,0	8,0	21,0	18,0	1,5	17,0	2,3
19,0	3,10	22,0	12,0	7,0	12,0	0,1
0,0	1,0	10,0	4,0	1,0	2,0	0,0
2,0	1,3	0,4	0,0	0,2	0,0	0,0
3,0	2,4	1,0	2,0	2,0	2,3	2,0
0,0	3,0	6,0	0,4	0,0	0,0	0,2
3,1	10,0	6,0	0,1	5,0	3,0	1,1
0,4	2,4	7,0	0,3	0,1	1,1	3,8
3,0	1,2	2,0	0,5	3,0	1,0	7,0
0,1	2,0	1,0	0,0	0,0	0,0	0,0
0,0	30,0	35,0	18,2	0,2	0,4	0,0
2,0	2,0	3,0	2,0	0,0	2,0	4,0
0,13	0,15	7,2	9,0	0,3	4,0	0,5
2,0	12,1	0,0	14,1	5,0	7,0	0,0
2,0	8,0	0,3	0,0	16,0	1,0	0,0
0,0	5,0	1,0	5,0	0,0	0,0	0,0
5,11	26,0	7,0	25,0	2,1	18,0	5,0
7,0	2,0	6,0	6,0	3,0	3,0	0,0
0,0	5,0	1,0	10,1	2,0	5,3	1,0
0,0	5,0	2,0	1,0	3,0	5,0	2,0
1,0	8,0	6,1	16,1	1,0	2,0	0,0
0,0	2,0	3,2	0,0	0,1	1,0	0,0
0,4	0,1	0,2	0,2	0,3	0,1	0,0
1,3	2,1	1,2	0,2	1,1	0,8	0,1
0,1	1,9	0,1	1,1	0,1	0,5	0,0
3,0	5,8	3,0	0,1	6,3	0,13	0,0
9,3	0,2	0,7	1,0	1,1	0,5	1,1
3,1	0,19	0,39	0,0	3,15	0,17	0,6
4,0	14,1	0,17	2,2	1,0	0,0	0,3
0,0	6,0	0,5	1,0	2,2	0,0	1,0
1,0	0,10	0,2	0,0	0,9	0,4	1,0
4,0	1,8	0,13	1,1	3,0	0,0	0,0
17,0	16,0	19,11	3,0	4,2	0,30	0,2
1,0	0,0	1,4	0,0	0,0	1,2	1,2
6,0	11,2	0,22	0,0	2,0	2,2	6,0
0,3	0,4	0,4	0,2	0,0	0,11	0,4
