2.0	2.271	5.142	2.343	2.463	1.605	4.714	0.657
3.0	2.784	5.212	3.419	4.719	1.052	2.331	3.708
5.0	5.165	5.077	5.262	4.684	5.114	4.610	5.045
5.0	4.725	4.836	4.481	4.641	5.252	5.310	4.570
5.0	5.227	4.301	4.976	5.225	5.436	5.279	5.036
4.0	4.051	5.112	4.103	3.945	4.745	5.012	4.930
5.0	5.253	4.736	5.358	4.893	1.184	5.374	4.918
5.0	5.075	5.148	4.998	5.388	5.368	5.366	4.943
5.0	4.898	5.425	5.338	5.295	5.273	4.996	4.884
3.0	2.625	4.565	2.136	3.847	2.548	2.722	3.845
5.0	5.209	4.788	5.133	5.014	5.324	5.171	4.633
5.0	4.120	5.161	4.462	5.107	5.394	5.166	4.872
3.0	2.415	1.107	2.713	3.711	2.742	3.271	3.352
5.0	5.396	5.065	5.035	4.978	5.096	5.136	5.129
5.0	5.053	4.488	4.790	5.289	3.633	5.305	5.009
4.0	4.664	4.744	2.521	4.874	5.215	4.780	5.168
4.0	3.971	3.083	4.171	4.432	4.721	4.933	3.925
5.0	4.389	5.306	5.155	5.028	5.398	5.037	4.813
3.0	3.094	3.059	2.488	2.832	3.803	2.969	2.657
5.0	5.023	5.436	4.995	5.008	4.995	5.094	4.974
2.0	3.276	2.092	2.690	2.157	0.942	1.889	1.117
5.0	5.063	5.434	5.416	5.023	4.851	5.386	4.947
5.0	5.225	4.909	5.089	5.027	5.249	5.153	3.953
4.0	3.828	3.647	3.751	3.544	4.287	4.375	4.089
3.0	1.522	4.184	4.597	1.888	1.195	1.369	4.945
5.0	5.351	5.179	4.927	5.164	4.945	5.448	5.052
2.0	1.763	2.242	1.541	1.926	2.213	0.860	1.820
3.0	2.993	4.392	4.075	3.441	4.327	2.375	3.772
1.0	1.171	0.863	1.125	0.523	1.797	1.495	1.007
4.0	4.664	1.828	4.772	3.994	4.996	4.560	3.470
2.0	1.780	3.804	1.009	1.615	1.250	1.715	1.784
5.0	5.178	5.223	5.356	4.569	5.025	4.900	5.095
1.0	1.724	1.862	0.820	0.595	0.754	0.657	1.048
4.0	3.871	2.779	3.266	3.691	4.200	4.698	3.806
3.0	2.566	2.311	2.922	2.087	3.740	2.633	2.981
5.0	4.941	4.130	5.110	5.024	5.223	5.034	4.997
1.0	1.733	2.209	0.733	0.960	0.700	1.015	0.886
1.0	2.250	0.560	2.367	1.451	0.578	0.988	1.279
3.0	2.411	0.989	2.732	2.762	3.090	2.710	3.006
4.0	0.716	2.542	4.800	4.603	2.883	4.159	4.015
2.0	1.462	1.373	1.576	1.767	2.106	1.363	1.495
3.0	2.099	1.431	3.330	2.686	2.758	1.784	2.774
3.0	1.091	2.673	2.379	3.155	3.006	3.701	2.642
5.0	5.240	5.165	5.187	3.118	5.319	5.002	5.060
4.0	3.578	2.733	4.391	4.191	4.899	4.118	3.950
2.0	2.463	2.156	1.465	1.539	1.350	1.988	1.984
2.0	2.212	1.045	2.243	2.060	2.804	2.810	1.955
1.0	0.691	0.745	1.007	0.663	0.697	0.774	0.773
1.0	0.889	0.628	1.673	0.615	0.530	1.150	0.855
4.0	4.421	3.895	2.981	3.919	2.971	3.971	4.040
4.0	3.896	3.834	3.949	4.204	4.102	3.973	3.995
2.0	2.801	1.044	0.853	0.688	1.690	1.993	1.686
5.0	4.385	2.763	5.296	5.045	5.281	5.123	4.988
3.0	2.657	1.456	3.226	1.551	2.988	3.000	2.965
2.0	1.527	1.021	1.091	1.431	2.224	1.536	1.780
2.0	2.672	0.887	0.900	2.031	0.811	4.015	3.183
4.0	3.815	3.515	2.671	4.101	1.170	4.839	4.016
3.0	4.109	4.356	4.529	2.952	3.858	3.988	2.965
1.0	0.985	1.711	0.664	0.656	1.102	0.944	0.994
1.0	1.271	1.116	1.129	1.184	0.766	0.851	0.950
5.0	4.981	3.984	5.440	4.990	5.033	5.210	4.966
5.0	5.002	4.755	5.368	5.204	5.065	5.022	5.004
5.0	4.803	4.985	5.341	5.004	5.164	5.108	5.023
5.0	5.085	4.965	5.463	4.721	5.469	5.057	4.997
5.0	5.161	4.190	5.407	5.439	2.466	5.347	4.502
4.0	5.253	3.493	5.343	5.161	4.733	5.195	3.628
5.0	4.858	4.960	5.437	5.171	5.201	5.115	5.006
3.0	3.310	3.262	1.933	2.991	1.747	3.028	2.988
5.0	5.369	4.702	4.163	5.023	5.079	4.844	4.618
3.0	3.031	3.942	5.118	1.736	3.088	3.171	2.315
4.0	2.773	4.597	5.164	3.141	4.920	3.689	4.323
3.0	1.630	3.346	3.787	3.244	3.114	2.724	2.076
5.0	5.309	5.073	5.131	2.188	5.105	5.083	4.874
3.0	2.625	2.901	3.391	4.026	3.224	3.096	3.012
5.0	4.779	5.327	5.386	4.923	4.236	3.450	5.006
5.0	5.075	4.529	5.332	5.128	4.863	5.317	5.190
3.0	1.369	4.259	3.342	4.971	1.584	3.589	2.592
4.0	3.142	5.103	4.116	5.177	4.758	4.026	3.896
5.0	5.147	5.327	4.818	5.147	5.402	4.877	4.909
5.0	4.980	5.089	5.152	5.363	5.001	4.415	4.995
5.0	2.141	4.877	5.004	5.464	5.237	5.244	5.011
5.0	4.970	4.984	5.268	5.318	5.198	5.116	5.028
5.0	4.965	4.823	5.254	5.366	4.618	4.933	4.981
5.0	5.210	5.358	5.241	5.093	5.352	5.098	5.139
5.0	4.957	4.724	4.446	5.399	5.104	5.229	4.995
4.0	4.158	3.964	1.954	3.989	3.478	2.240	3.746
1.0	0.625	0.917	0.737	0.657	0.730	0.780	0.636
4.0	2.794	3.525	3.166	4.055	3.066	2.891	4.032
2.0	1.857	1.514	2.022	1.968	2.258	0.891	1.956
4.0	4.690	4.023	4.743	3.588	4.924	0.931	4.003
3.0	4.066	3.047	1.338	3.836	2.888	2.303	3.565
2.0	3.125	0.619	0.592	1.723	3.359	0.646	1.397
3.0	4.144	3.843	0.723	3.983	3.748	2.971	2.361
4.0	4.060	4.169	1.330	4.370	4.248	4.011	4.036
2.0	2.324	2.013	0.973	2.028	1.131	1.448	1.812
4.0	4.459	4.115	1.106	4.206	4.057	4.040	4.117
4.0	5.262	4.504	3.150	4.159	3.987	1.047	3.839
5.0	5.000	4.992	3.936	4.727	5.012	2.613	4.850
5.0	5.068	4.562	0.744	5.017	5.232	4.903	5.122
1.0	0.747	0.713	0.612	0.961	1.015	0.535	0.926
