12,0,0	0,0,0	0,0,0	0,0,0	0,0,0	0,0,0	0,0,0
0,0,0	0,0,0	0,0,0	0,0,0	1,6,11	0,0,0	0,0,0
0,0,0	0,0,0	0,0,0	0,0,0	0,3,0	0,0,0	0,0,0
0,0,0	0,0,0	0,0,0	0,0,0	0,0,0	12,0,0	0,0,0
0,0,0	0,0,4	0,0,0	0,0,0	0,0,0	0,0,0	0,0,0
0,0,0	0,0,0	0,0,0	0,0,0	5,0,0	0,0,0	0,0,0
0,0,0	0,0,0	0,0,0	0,0,0	0,0,0	0,0,0	7,0,0
0,0,0	0,0,0	0,1,0	0,0,0	0,0,0	0,0,0	1,0,0
1,2,2	0,0,0	0,0,0	0,0,0	0,0,0	0,0,0	0,0,0
0,0,0	0,0,0	51,0,0	22,0,0	17,0,0	0,0,0	14,0,0
0,0,0	0,0,0	38,0,0	0,0,0	0,0,0	0,7,0	0,0,0
6,3,5	0,0,0	0,0,0	0,0,0	0,0,0	0,0,0	0,0,0
0,0,0	2,12,14	0,0,0	0,0,0	9,1,1	0,0,0	0,0,0
0,0,0	15,17,1	0,0,0	0,0,0	0,0,0	0,0,0	0,0,0
1,0,0	5,0,0	0,0,0	0,0,0	0,0,0	0,0,0	0,0,0
0,0,0	17,0,0	0,0,0	0,0,0	0,0,0	0,0,0	0,0,0
0,0,0	0,0,0	0,0,0	0,0,0	0,0,0	3,1,0	2,0,6
0,0,0	0,0,0	0,0,0	0,0,0	0,0,0	0,0,0	0,0,3
81,0,0	0,0,0	0,0,0	0,0,0	71,0,0	0,0,0	0,0,0
0,0,0	1,2,3	0,0,0	0,0,0	0,0,0	0,0,0	0,0,0
0,0,0	41,8,2	0,0,0	0,0,0	0,0,0	0,0,0	0,0,0
5,0,0	0,3,0	0,0,0	0,0,0	0,0,0	9,0,0	0,0,0
0,0,0	364,9,6	0,0,0	0,0,0	0,0,0	0,0,0	0,0,0
0,0,0	0,0,0	0,0,0	0,0,0	0,0,0	0,0,0	10,0,0
0,0,0	0,0,0	0,0,0	0,0,0	21,1,1	0,0,0	0,0,0
0,0,0	0,0,0	0,0,0	0,0,0	41,4,10	0,0,0	0,0,0
0,0,0	0,0,0	0,0,0	0,0,0	54,4,12	0,0,0	0,0,0
27,0,1	0,0,0	0,0,0	0,0,0	0,0,0	0,0,0	0,0,0
20,0,0	0,5,0	0,0,0	32,0,0	0,0,0	0,0,0	0,0,0
0,0,0	18,4,1	0,0,0	0,0,0	0,0,0	0,0,0	0,0,0
0,0,0	4,0,0	0,0,0	0,0,0	0,0,0	0,0,0	0,0,0
0,0,0	0,0,0	0,0,0	0,0,0	0,0,1	0,0,0	0,0,0
0,0,1	0,0,0	0,0,0	0,0,0	7,0,0	0,0,0	0,0,0
0,0,0	0,0,0	0,0,0	0,0,0	0,0,32	0,0,0	0,0,0
0,0,0	0,0,0	0,0,0	0,0,0	4,0,0	0,5,0	0,0,0
0,0,0	0,0,0	0,0,0	0,0,0	0,0,0	0,0,0	20,0,0
0,0,0	0,0,0	0,0,0	0,0,0	0,0,0	32,3,0	0,0,0
0,0,0	0,0,0	0,0,0	0,0,0	0,0,0	41,0,0	0,0,0
6,0,0	0,0,0	0,0,0	1,0,0	0,0,0	0,0,0	0,0,0
1,0,0	0,0,0	0,0,0	0,0,0	0,0,0	0,0,0	0,0,0
0,0,0	0,7,0	0,0,0	0,0,0	0,0,0	2,0,0	0,0,0
0,0,0	0,0,0	0,0,0	0,0,0	41,0,0	0,0,0	0,0,0
38,0,0	0,0,0	0,0,0	0,0,0	28,0,0	0,0,0	0,0,0
0,0,0	176,13,1	0,0,0	0,0,0	0,0,0	0,0,0	0,0,0
11,0,0	0,0,0	0,0,0	1,0,0	0,0,0	0,0,0	0,5,0
0,0,0	0,0,0	0,0,0	0,0,0	0,0,0	0,0,0	3,0,0
0,0,0	0,0,0	0,0,0	0,0,0	0,0,0	0,0,0	1,0,0
0,0,0	0,0,0	0,0,0	0,0,0	0,0,0	0,0,0	0,0,2
0,0,0	0,0,0	0,0,0	0,0,0	5,0,0	0,0,0	0,0,0
0,0,0	0,0,0	0,0,0	0,0,0	6,0,0	0,0,0	0,0,0
0,0,0	0,0,0	0,0,0	0,0,0	15,2,2	0,0,0	0,0,0
0,0,0	0,0,0	0,0,0	0,0,0	0,0,0	0,0,0	8,0,0
0,0,0	0,0,0	0,0,1	0,0,0	0,0,0	0,0,0	0,0,0
12,0,0	0,0,0	0,0,0	0,0,0	0,0,0	0,0,0	0,0,0
0,0,0	0,4,1	0,0,0	0,0,0	0,0,0	0,0,0	0,0,0
0,0,0	0,0,0	1,0,0	0,0,0	10,0,0	0,0,0	0,0,0
0,0,0	0,0,0	0,0,0	0,0,0	0,0,2	0,0,0	0,0,0
0,0,0	0,0,0	0,0,0	0,0,0	0,0,0	0,0,0	0,0,1
0,0,0	0,0,0	0,0,0	0,0,0	16,2,2	0,0,0	1,0,2
0,0,0	0,0,0	3,0,0	0,0,0	0,0,0	0,0,0	0,0,0
0,0,0	0,0,0	0,0,0	0,0,0	0,0,0	0,0,0	0,0,1
0,0,0	0,0,0	0,0,0	0,0,0	0,0,0	0,0,0	0,0,2
0,0,0	0,0,0	0,0,1	0,0,0	21,0,0	0,0,0	0,0,0
0,0,0	0,0,0	0,0,0	0,0,0	0,0,1	0,0,0	0,0,0
1,0,0	0,0,0	0,0,0	0,0,0	0,0,0	0,0,0	0,0,0
0,0,0	0,0,0	0,0,0	0,0,0	0,0,0	0,0,2	0,0,0
3,0,0	0,0,0	0,0,0	0,0,0	0,0,0	0,0,0	0,0,2
6,0,0	0,0,0	0,0,0	0,0,0	0,0,0	0,0,0	0,0,0
0,0,0	0,0,0	0,0,0	0,0,0	106,2,0	0,0,0	0,0,0
0,0,0	0,0,0	0,0,0	0,0,0	0,0,0	0,0,0	2,0,0
1,0,0	0,0,0	0,0,0	0,0,0	0,0,0	0,0,0	0,0,0
0,0,0	0,0,0	0,0,0	0,0,0	44,4,5	0,0,0	0,0,0
0,0,0	67,0,0	29,1,0	0,0,0	0,0,0	0,0,0	0,0,0
0,0,0	0,3,0	0,0,0	0,0,0	0,0,0	0,0,0	0,0,0
5,0,0	0,0,0	0,1,0	0,0,0	0,0,0	0,0,0	0,0,0
0,0,1	0,0,0	0,0,0	0,0,0	0,0,0	0,0,0	0,0,0
0,0,0	0,0,0	0,0,0	34,0,0	23,0,0	0,0,0	10,0,6
0,0,0	0,0,0	0,0,0	0,0,0	0,0,0	0,0,0	0,0,1
21,0,0	0,0,0	0,0,0	0,0,0	0,0,0	0,0,0	0,0,0
0,0,0	0,0,0	30,0,0	0,0,0	0,0,0	0,0,0	0,0,4
0,0,0	0,0,0	12,1,2	0,0,0	0,0,0	0,0,0	0,0,0
0,0,0	0,0,0	0,0,0	0,0,0	0,0,0	0,0,0	2,0,0
0,0,0	0,0,0	0,0,0	0,0,0	22,3,0	0,0,0	0,0,0
0,0,0	14,0,0	0,0,0	0,0,0	0,0,0	0,0,0	0,0,0
0,0,0	92,1,2	0,0,0	0,0,0	0,0,0	0,0,0	0,0,0
0,0,0	0,6,0	0,0,0	0,0,0	0,0,0	0,0,0	0,0,0
0,0,0	0,4,0	0,0,0	0,0,0	0,0,0	0,0,0	0,0,0
0,0,0	0,0,0	0,0,0	0,0,0	2,0,1	0,0,0	0,0,0
0,0,0	0,0,0	0,0,0	0,0,0	0,0,0	0,0,0	31,0,2
0,0,0	0,0,0	0,0,0	0,0,0	0,0,3	0,0,0	0,0,0
0,0,0	0,0,0	0,0,2	0,0,0	0,0,1	0,0,0	7,0,0
0,0,0	0,0,0	0,0,0	0,0,0	0,10,0	0,0,0	0,0,0
0,0,0	0,0,0	0,0,0	0,0,0	4,0,0	0,0,0	0,0,0
0,0,0	0,0,0	0,0,0	0,0,0	2,0,1	0,0,0	0,0,0
6,0,0	0,0,0	0,0,0	0,0,0	1,0,0	0,0,0	0,0,0
0,0,0	0,0,0	0,0,0	0,0,0	0,0,0	0,0,0	0,0,1
0,0,0	91,0,0	0,0,0	0,0,0	0,0,0	0,0,0	0,0,0
0,0,3	0,0,0	0,0,0	0,0,0	0,0,0	0,0,0	0,0,0
0,0,0	0,6,0	0,0,0	0,0,0	0,0,0	0,0,0	0,0,0
0,0,0	0,0,0	0,0,0	0,0,0	0,0,0	0,0,0	5,0,0
0,0,0	2,0,0	0,0,0	0,0,0	0,0,0	0,0,0	0,0,0
0,0,0	0,5,0	0,0,0	0,0,0	0,0,0	0,0,0	0,3,0
0,0,0	0,0,0	0,0,0	0,0,0	0,0,3	0,0,0	0,0,0
0,0,0	0,1,0	0,0,0	0,0,0	0,0,0	0,0,0	3,0,0
0,0,0	0,0,0	0,0,0	0,4,0	0,0,2	0,0,0	0,0,0
0,0,0	0,7,1	0,0,0	0,0,0	0,0,0	0,0,0	0,0,0
0,1,0	0,0,0	65,0,0	49,0,0	0,0,0	0,0,0	1,3,0
0,0,0	49,8,2	0,0,0	0,0,0	0,0,0	0,0,0	0,0,0
0,0,0	6,0,0	0,0,0	0,0,0	0,0,0	0,0,0	0,0,0
0,0,0	0,0,0	0,0,0	0,0,0	0,0,0	5,0,0	6,0,0
0,0,0	0,0,0	0,0,0	0,0,0	0,0,0	0,0,0	0,0,3
0,0,0	0,12,0	0,0,0	0,1,0	0,0,0	0,0,0	0,0,1
0,1,1	9,0,0	0,9,0	0,0,0	0,0,6	0,0,0	0,0,0
26,0,0	0,0,0	0,0,0	0,0,0	0,0,0	0,0,0	0,0,0
0,0,0	11,3,1	0,0,0	0,0,0	0,0,0	0,0,0	0,0,0
0,0,0	0,2,0	0,0,0	0,0,0	0,0,0	0,0,0	0,0,0
0,0,0	0,0,0	0,0,0	0,0,0	0,0,0	1,11,0	0,0,0
0,0,0	0,0,0	0,0,0	0,0,0	11,0,0	0,0,0	0,0,0
0,0,0	0,0,0	7,0,0	0,0,0	0,0,0	0,0,0	7,0,0
0,0,0	8,0,0	0,0,0	0,0,0	18,0,0	0,0,0	0,0,0
0,0,0	0,0,0	26,0,1	0,0,0	0,0,0	0,0,0	0,0,0
0,0,0	0,0,0	0,0,0	6,0,0	0,0,0	0,0,0	0,0,0
13,0,0	6,0,0	0,0,0	0,0,0	2,0,0	0,0,0	0,0,0
0,0,0	82,1,1	0,0,0	0,0,0	0,0,0	0,0,0	0,0,0
0,0,0	38,4,0	0,0,0	0,0,0	0,0,0	0,0,0	0,0,0
0,0,0	0,0,0	0,0,0	0,0,0	0,0,0	0,0,0	0,0,3
0,0,0	0,2,0	0,0,0	0,0,0	0,0,0	0,0,0	0,0,0
0,0,0	0,0,0	0,0,0	0,0,0	0,0,0	0,0,0	8,0,0
0,0,0	0,0,0	0,0,0	2,0,0	0,0,0	0,0,0	3,0,0
0,0,0	0,0,0	0,0,0	0,0,0	0,0,0	0,0,0	0,0,2
0,0,0	0,0,0	0,0,0	0,0,0	0,0,0	0,0,0	2,0,0
0,0,0	0,0,0	0,0,0	0,0,0	0,2,0	0,0,0	0,0,1
0,0,0	0,0,0	0,0,0	0,0,0	0,0,0	0,0,0	4,0,0
0,0,0	7,8,3	0,0,0	0,0,0	0,0,0	0,0,0	0,0,0
0,0,0	0,0,0	0,0,0	1,0,0	0,0,1	0,0,0	0,0,0
0,0,0	0,0,0	0,0,0	0,0,0	0,0,0	0,0,0	0,0,1
0,0,0	0,0,0	0,0,0	42,0,4	0,0,0	0,0,0	0,0,0
0,0,0	3,0,0	0,0,0	0,0,0	0,0,0	0,0,0	0,0,0
21,0,0	0,0,0	0,0,0	0,0,0	0,0,0	0,0,0	0,0,0
20,0,2	0,0,0	0,0,0	0,0,0	0,0,0	0,0,0	0,0,0
0,0,0	0,1,0	0,0,0	0,0,0	0,0,0	0,0,0	31,0,0
0,0,0	0,0,0	0,0,0	0,0,0	11,0,0	0,0,0	0,0,0
0,0,0	0,0,0	0,0,0	0,0,0	0,0,0	0,0,13	0,0,0
0,0,0	0,0,0	1,3,2	0,0,0	0,0,0	0,0,0	0,0,0
0,0,0	0,0,0	0,16,0	5,0,0	0,0,0	0,0,0	0,7,0
0,0,0	0,0,0	0,0,0	0,0,0	0,0,0	0,0,0	0,3,0
0,0,0	0,0,0	0,0,0	15,0,0	0,0,0	0,0,0	0,0,0
0,0,0	0,0,0	0,4,0	2,0,0	0,0,0	0,0,0	0,0,0
0,0,0	0,0,0	0,0,0	0,0,0	0,0,0	0,0,1	0,0,0
0,0,0	0,0,0	0,0,0	0,0,0	0,0,1	0,0,0	0,0,0
0,0,0	0,5,0	0,0,0	0,0,0	0,0,0	0,0,0	0,0,0
0,0,0	0,0,0	0,0,0	0,0,0	0,0,0	0,0,0	0,4,0
0,0,0	0,0,0	0,0,0	0,0,0	1,11,0	0,0,0	0,0,0
0,0,0	0,0,0	0,0,0	0,0,0	0,0,0	0,0,0	13,0,0
22,0,0	0,0,0	0,0,0	0,0,0	0,0,0	13,0,0	14,0,0
0,0,0	0,0,0	0,0,0	0,0,0	0,0,1	0,0,0	0,0,0
0,0,0	9,0,0	0,0,0	0,0,0	8,3,1	0,0,0	0,0,0
0,0,0	0,0,0	0,0,0	0,0,0	0,0,1	0,0,0	0,0,1
0,0,0	6,0,0	0,0,0	0,0,0	0,0,0	0,0,0	0,0,0
0,0,0	0,0,0	0,0,0	0,0,0	0,0,2	0,0,0	0,0,0
0,0,0	0,4,0	0,0,0	0,0,0	0,0,0	0,0,0	0,0,0
0,0,0	0,8,0	2,0,0	0,5,0	0,0,0	0,0,0	0,0,0
1,4,1	0,0,0	0,0,0	0,0,0	0,0,0	0,0,0	0,0,0
0,0,1	0,0,0	0,0,0	3,0,0	0,0,0	0,0,0	0,0,0
0,0,0	0,0,0	0,0,0	0,0,0	3,0,0	0,0,0	0,0,0
0,0,0	4,0,0	0,0,0	0,0,0	0,0,0	0,0,0	0,0,0
0,0,0	3,0,0	0,0,0	0,0,0	0,0,0	0,0,0	0,0,0
0,0,0	6,2,0	0,0,0	0,0,0	0,0,0	0,0,0	0,0,1
0,0,0	4,0,0	0,0,0	0,0,0	0,0,0	0,0,0	0,0,0
0,0,0	1,2,0	0,0,0	0,0,0	0,0,0	0,0,0	0,0,0
0,0,0	0,0,0	0,0,0	0,0,0	0,0,0	0,0,0	0,0,1
0,0,0	0,0,0	0,0,0	0,0,0	0,0,1	0,0,0	0,0,0
0,0,0	0,0,0	0,0,0	0,0,0	0,0,13	0,0,0	0,0,0
0,0,0	0,3,0	0,0,0	0,0,0	0,0,0	0,0,0	0,0,0
0,0,0	0,0,0	0,0,0	0,0,0	0,0,0	0,0,0	0,3,0
0,0,0	13,1,3	0,0,0	0,0,0	0,0,0	0,0,0	0,0,0
0,0,0	0,0,0	0,0,0	0,0,0	0,0,0	0,0,0	5,0,0
0,0,0	0,0,0	0,0,3	1,0,0	13,0,0	0,0,0	0,0,0
0,0,0	0,0,0	0,0,0	0,0,0	0,0,0	84,1,4	0,0,0
13,3,15	0,0,0	0,0,0	0,0,0	0,0,0	0,0,0	0,0,0
0,0,0	15,0,0	0,0,0	0,0,0	0,0,0	0,0,0	0,0,0
0,0,0	0,0,0	0,0,0	0,0,0	0,0,5	0,0,0	0,0,0
0,0,0	0,0,0	0,0,0	0,0,0	15,4,1	0,0,0	0,0,0
3,0,0	2,0,0	0,0,0	0,0,0	0,0,0	0,0,0	0,0,0
0,0,0	0,0,0	15,0,0	0,0,0	0,1,0	0,0,0	0,0,0
0,0,0	0,0,0	0,0,0	0,0,0	4,0,0	0,0,0	0,0,0
0,0,0	0,11,0	0,0,0	0,0,0	0,0,0	0,0,0	0,0,0
0,0,0	0,0,0	0,0,0	0,0,0	17,0,0	0,0,0	0,0,0
0,0,0	0,0,0	0,0,0	0,1,0	0,0,0	0,0,0	0,0,0
0,0,0	0,10,2	0,0,0	0,0,0	0,0,0	0,0,0	0,0,0
0,0,0	0,0,0	0,0,0	0,0,0	0,0,0	0,0,0	0,1,0
0,0,0	0,0,0	0,0,0	0,0,0	0,0,0	0,0,0	0,0,1
0,0,0	0,0,0	0,0,0	0,0,0	0,0,0	0,0,0	1,0,0
0,0,0	0,0,0	0,0,0	0,0,0	29,4,9	0,0,0	0,0,0
0,0,0	0,0,0	0,0,0	0,0,0	0,0,4	0,0,0	0,0,0
0,0,0	0,0,0	0,0,0	0,0,0	0,0,1	0,0,0	0,0,0
0,0,0	0,4,0	0,0,0	0,0,0	0,0,0	0,0,0	0,0,0
0,0,0	0,9,0	0,0,0	0,0,0	0,0,0	0,0,0	0,0,0
1,0,0	11,0,0	0,0,0	0,0,0	0,0,0	0,0,0	0,0,0
0,0,0	25,0,0	0,0,0	0,0,0	0,0,0	0,0,0	0,0,0
0,0,0	14,0,0	0,0,0	0,0,0	0,0,0	0,0,0	0,0,0
0,0,0	0,0,0	0,0,0	4,0,0	0,0,0	0,0,0	14,0,0
0,0,0	0,0,0	0,0,0	0,0,0	0,0,1	0,0,0	0,0,0
0,0,0	7,0,0	0,0,0	0,0,0	0,0,0	0,0,0	0,0,0
0,0,0	0,3,2	0,0,0	0,0,0	0,0,0	0,0,0	0,0,0
0,0,0	0,0,0	0,0,0	0,0,0	0,0,7	0,0,0	0,0,0
1,0,0	0,0,0	0,0,0	0,0,0	11,0,0	0,0,0	0,0,0
0,0,0	0,0,0	0,0,0	0,0,0	3,0,0	0,0,0	0,0,1
0,0,0	0,0,0	0,0,0	0,0,0	2,0,0	0,0,0	0,0,0
0,0,0	0,0,0	0,0,0	0,0,0	0,8,0	0,0,0	0,0,0
0,0,0	0,0,0	0,0,0	0,0,0	11,0,0	0,0,0	0,0,0
0,0,0	0,0,0	0,0,0	0,0,0	0,0,0	1,0,0	3,0,0
0,0,0	1,0,0	0,0,0	0,0,0	0,0,0	0,0,0	0,0,0
0,0,0	0,0,0	0,6,0	0,0,0	0,0,0	0,0,0	0,0,0
0,0,0	0,0,0	0,0,0	1,1,0	0,0,0	0,0,0	0,0,0
0,0,0	0,0,0	0,0,0	0,5,0	0,0,0	0,0,0	0,0,0
0,0,0	9,0,0	0,0,0	0,0,0	0,0,0	0,0,0	0,0,0
10,0,0	0,0,0	0,0,0	0,0,0	0,0,0	0,0,0	0,0,0
0,0,0	0,0,0	0,0,0	0,0,0	0,0,0	0,0,0	0,1,0
0,0,1	0,0,0	0,0,0	0,0,0	0,0,0	0,0,0	0,0,0
0,0,0	0,0,0	0,0,0	0,6,0	0,0,0	0,0,0	0,0,0
0,0,0	0,0,0	0,0,0	0,0,0	11,0,0	0,0,0	26,0,0
0,0,0	0,2,2	0,0,0	0,0,0	0,0,0	0,0,0	0,0,0
0,0,0	0,0,0	0,0,0	0,0,0	2,0,0	0,0,0	0,0,0
1,0,0	0,0,0	0,0,0	0,0,0	0,3,0	0,0,0	0,0,0
0,0,0	0,0,0	0,0,0	0,0,0	0,0,0	0,0,0	0,0,1
0,0,0	0,0,0	0,0,0	0,0,0	0,0,0	0,0,0	2,0,0
0,0,0	0,0,0	3,0,1	0,0,0	0,0,0	1,1,1	0,0,1
0,2,0	0,0,0	0,0,0	0,0,0	0,0,0	0,0,0	0,2,0
0,0,0	0,0,0	0,2,0	0,0,0	0,0,0	0,0,0	3,0,0
0,0,0	0,0,0	0,0,0	0,0,0	0,7,0	0,0,0	0,0,0
0,0,0	0,0,0	0,0,0	0,0,0	0,0,0	0,0,0	0,7,0
0,0,0	3,0,0	19,0,0	0,0,0	0,0,0	0,0,0	2,0,0
0,0,0	0,0,0	0,0,0	0,0,0	0,0,0	19,0,0	0,0,0
0,0,0	0,0,0	0,0,0	0,0,0	4,0,0	0,0,0	0,0,0
0,0,0	0,0,0	31,0,0	0,0,0	0,0,0	0,0,0	0,0,0
0,0,0	0,0,0	0,0,0	0,0,0	0,0,0	0,0,0	0,1,0
5,0,0	0,0,0	0,7,0	0,0,0	0,0,0	0,0,0	0,0,0
0,0,0	0,0,0	0,0,0	0,0,0	34,6,0	0,0,0	0,0,0
0,0,0	0,0,0	0,0,0	0,0,0	3,1,0	0,0,0	0,0,0
0,0,0	0,0,0	0,0,0	0,0,0	2,0,0	0,0,0	0,0,0
0,0,0	0,0,0	0,0,0	0,0,0	0,0,0	0,0,0	1,0,0
0,0,0	0,2,0	0,0,3	0,0,0	0,0,0	0,0,0	0,0,0
10,21,0	0,0,0	0,0,0	0,0,0	0,0,0	0,0,0	0,0,0
0,0,0	0,0,0	80,3,3	0,0,0	0,0,0	0,0,0	0,0,0
0,0,0	0,0,0	7,0,7	0,0,0	0,0,0	0,0,0	0,0,0
0,0,0	0,0,0	42,0,0	0,0,0	0,0,0	0,0,0	0,0,0
0,0,0	0,0,0	0,6,0	0,0,0	0,0,0	0,0,0	0,0,0
0,0,0	0,0,0	4,2,3	0,0,0	0,0,0	0,0,0	2,6,0
0,1,0	0,0,0	0,0,0	0,0,0	0,0,0	0,0,0	0,0,0
0,0,0	0,0,0	66,4,0	0,0,0	0,0,0	0,0,0	0,0,0
0,0,0	0,0,0	3,0,0	0,0,0	0,0,0	0,0,0	0,0,0
0,3,0	0,0,0	0,0,0	0,0,0	0,0,0	0,0,0	0,0,0
0,0,0	0,0,0	7,0,0	0,0,0	0,0,0	0,0,0	2,0,0
0,0,0	0,0,0	24,6,0	0,0,0	0,0,0	0,0,0	0,0,0
0,0,0	0,0,0	0,0,0	72,0,0	0,0,0	0,0,0	0,0,0
2,0,0	0,0,0	0,0,0	0,0,0	0,0,0	0,2,0	0,0,0
0,0,0	0,0,0	0,0,0	0,0,0	0,0,0	5,0,0	0,0,0
0,0,0	0,0,0	0,0,0	0,0,0	0,0,0	0,0,0	23,0,0
0,0,0	0,0,0	0,0,0	0,0,0	0,0,0	0,0,0	0,2,0
0,0,0	0,0,0	0,0,0	0,0,0	0,0,0	0,0,0	1,1,1
0,0,0	0,0,0	21,0,0	0,0,0	0,0,0	0,0,0	0,0,0
0,0,0	0,0,0	0,2,0	0,0,0	0,0,0	0,0,0	0,0,0
0,0,0	0,0,0	0,0,0	0,0,0	0,0,0	0,0,0	7,0,0
0,0,0	18,1,3	0,0,0	0,0,0	0,0,0	0,0,0	0,0,0
0,0,0	0,0,0	0,0,0	0,0,0	0,0,0	0,0,0	1,0,0
0,4,0	0,0,0	0,0,0	0,0,0	0,0,0	0,0,0	0,0,0
0,0,0	0,0,0	6,0,0	0,0,0	16,0,0	0,0,0	0,0,0
0,0,0	0,0,0	0,0,0	0,0,0	0,0,0	17,3,2	0,0,0
0,0,0	0,0,0	0,0,0	0,0,0	0,0,0	0,4,0	0,0,0
0,0,0	0,0,0	12,0,0	0,0,0	0,0,0	0,0,0	0,0,0
0,0,0	1,0,0	0,0,0	0,0,0	1,0,0	0,0,0	0,0,0
0,0,0	0,0,0	0,0,0	0,0,0	15,0,0	0,0,0	0,0,0
0,0,0	0,0,0	0,0,0	0,0,0	0,0,0	7,0,0	2,1,0
0,0,0	0,0,0	0,1,0	0,0,0	0,0,0	0,0,0	0,0,0
0,0,0	0,0,0	11,0,0	0,0,0	0,0,0	0,0,0	0,0,0
0,1,0	0,0,0	0,0,0	0,0,0	0,0,0	0,0,0	0,0,0
0,0,0	0,0,0	0,0,0	0,0,0	0,0,0	8,1,9	0,0,0
0,0,0	4,0,0	8,0,0	0,0,0	0,0,0	0,0,0	0,0,0
0,0,0	0,0,0	0,0,0	0,0,0	0,0,0	0,0,0	0,5,0
0,0,0	0,0,0	0,0,0	0,0,0	0,0,0	1,0,0	0,0,0
0,0,0	0,0,0	8,0,0	0,0,0	0,0,0	0,0,0	0,0,0
0,0,0	0,0,0	1,0,0	0,0,0	0,0,0	0,0,0	0,0,0
0,0,0	0,0,0	4,0,0	0,0,0	0,1,1	0,0,0	0,0,0
0,0,0	0,0,0	0,0,0	0,0,0	0,0,0	0,0,0	2,0,0
0,0,0	0,0,0	0,9,10	0,0,0	0,0,0	1,0,0	0,0,0
0,0,0	0,0,0	1,0,0	0,0,0	0,0,0	0,0,0	0,0,0
0,0,0	0,0,0	0,0,0	0,0,0	0,0,0	0,0,0	2,0,0
0,0,0	0,0,0	0,6,0	0,0,0	0,0,0	0,0,0	0,0,0
0,0,0	0,0,0	0,2,0	0,0,0	0,0,0	0,0,0	0,0,0
26,0,0	0,0,0	0,0,0	23,0,0	0,0,0	27,0,0	0,0,0
0,0,0	0,0,0	0,0,0	0,0,0	0,0,0	19,0,0	0,9,0
0,0,0	0,0,0	0,0,0	0,0,0	0,0,0	0,2,0	0,0,0
0,0,0	0,0,0	7,0,0	0,0,0	0,0,0	0,0,0	0,0,0
0,0,0	0,0,0	31,0,0	0,5,0	0,0,0	0,0,0	0,0,0
0,0,0	0,0,0	0,0,0	0,0,0	0,0,0	0,1,0	5,0,0
0,0,0	0,0,0	0,0,0	0,0,0	0,0,0	2,0,0	0,0,0
0,0,0	0,0,0	0,0,0	0,0,0	0,0,0	6,0,0	0,0,0
0,0,0	0,0,0	5,0,0	0,0,0	0,0,0	0,0,0	0,0,0
0,0,0	0,0,0	0,0,0	1,0,8	0,0,0	0,0,0	0,0,0
0,0,0	1,6,12	0,0,0	0,0,0	0,0,0	0,0,0	0,0,0
0,0,0	0,0,0	0,0,0	0,0,0	3,0,0	0,0,0	0,0,0
0,0,0	6,0,0	0,0,0	0,0,0	0,0,0	0,0,0	0,0,0
0,0,0	0,0,0	0,0,0	0,0,0	0,0,0	0,0,0	1,0,0
0,0,0	0,0,0	17,2,4	0,0,0	0,0,0	0,0,0	0,0,0
0,0,0	0,0,0	1,0,0	0,0,0	0,0,0	0,0,0	0,0,0
0,0,0	0,0,0	0,0,0	0,0,0	0,0,0	0,0,0	7,0,0
0,0,0	0,0,0	0,0,0	0,0,0	0,0,0	0,0,0	0,1,0
0,0,0	0,12,0	0,0,0	0,0,0	0,0,0	0,0,0	0,0,0
0,0,0	0,0,0	1,0,0	0,0,0	0,0,0	0,0,0	0,0,0
0,0,0	0,0,0	0,0,0	0,0,0	0,0,0	6,13,1	0,0,0
0,0,0	0,0,0	0,0,0	0,0,0	0,0,0	4,2,0	0,0,0
0,0,0	0,0,0	0,0,0	0,0,0	0,0,0	21,1,4	0,0,0
0,0,0	0,0,0	0,0,0	0,0,0	13,0,0	0,0,0	0,0,0
0,0,0	0,0,0	1,0,0	0,0,0	5,0,0	0,0,0	0,0,0
0,0,0	0,0,0	0,0,0	0,0,0	0,0,0	0,0,0	10,0,0
0,0,0	0,0,0	0,0,0	0,0,0	0,0,0	0,0,0	2,0,2
0,0,0	17,1,3	0,0,0	0,0,0	0,0,0	0,0,0	0,0,0
0,0,0	0,0,0	0,0,0	13,0,0	0,17,0	0,0,0	0,0,0
0,0,0	0,0,0	0,0,0	0,0,0	0,0,0	0,0,0	1,0,0
0,0,0	0,0,6	0,0,0	0,0,0	0,0,0	0,0,0	0,1,0
0,0,0	0,0,0	0,0,0	0,0,0	0,0,0	0,3,0	0,0,0
0,0,0	0,0,0	0,0,0	13,0,0	0,2,0	0,0,0	0,0,0
0,0,0	0,0,0	0,0,0	0,0,0	0,0,0	0,1,0	0,0,0
1,2,4	0,0,0	0,0,0	0,0,0	0,0,0	0,0,0	0,0,0
0,0,0	0,0,0	0,0,0	0,0,0	0,0,0	1,0,0	0,0,0
0,0,0	0,0,0	0,0,0	0,0,0	2,0,0	0,0,0	0,0,0
0,0,0	0,0,0	0,0,0	0,1,0	0,0,0	0,0,0	0,0,0
0,0,0	0,0,0	1,0,0	0,0,0	0,0,0	0,0,0	0,0,0
0,0,0	8,5,1	0,0,0	0,0,0	0,0,0	0,0,0	0,0,0
0,0,0	0,0,0	0,0,0	0,0,0	0,0,1	0,0,0	1,0,0
28,0,0	0,0,0	0,0,0	0,0,0	0,0,0	0,0,0	0,0,0
0,0,0	0,0,0	0,0,0	8,0,0	0,12,0	0,0,0	0,0,0
0,2,0	0,0,0	0,0,0	0,0,0	0,0,0	0,0,0	0,0,0
0,0,0	0,1,8	31,6,2	0,0,0	0,0,0	0,0,0	0,0,0
0,0,0	16,2,14	0,0,0	0,0,0	0,0,0	0,0,0	0,0,0
0,0,0	24,11,40	0,0,0	0,0,0	0,0,0	0,0,0	0,0,0
0,0,0	0,0,0	48,0,0	0,0,0	0,0,0	0,0,0	0,0,0
3,0,0	0,1,0	0,0,0	0,0,0	0,0,0	0,0,0	0,0,0
0,0,0	0,0,0	0,0,0	0,0,0	0,0,0	0,0,0	1,0,0
0,0,0	0,0,0	0,0,0	0,0,0	0,0,0	0,0,0	0,2,0
0,0,0	0,0,0	0,0,0	0,0,0	0,0,0	0,0,0	0,1,0
0,0,0	0,0,0	0,0,0	0,0,0	0,1,0	0,0,0	0,0,0
13,1,4	0,0,0	0,0,0	0,0,0	0,0,0	0,0,0	0,0,0
0,0,0	0,0,1	10,0,0	0,0,0	0,0,0	1,0,0	0,0,0
0,0,0	0,0,0	0,0,0	0,0,0	0,2,0	0,0,0	0,0,0
0,0,0	0,0,0	0,0,0	0,0,0	1,0,0	0,0,0	0,0,0
0,0,0	0,1,0	0,0,0	0,0,0	0,0,0	0,0,0	0,0,0
0,5,0	0,0,8	0,0,0	0,0,0	0,0,0	0,0,0	9,0,0
0,0,0	0,0,0	0,0,0	0,0,0	0,14,0	0,0,0	0,0,0
0,0,0	0,0,0	0,0,0	0,0,0	0,14,0	0,0,0	0,0,0
0,0,0	0,0,0	0,0,0	0,0,0	0,1,0	0,0,0	0,0,0
0,0,0	0,0,0	0,0,0	0,0,0	0,0,0	0,0,0	0,9,0
0,0,0	0,0,0	0,0,0	0,0,0	0,1,0	0,0,0	0,0,0
0,0,0	0,0,0	0,0,0	0,0,0	0,0,0	0,0,0	3,6,0
0,0,0	0,0,0	0,0,0	0,0,0	0,0,0	0,0,0	0,3,0
0,0,0	0,0,0	0,0,0	6,0,0	0,3,0	0,0,0	0,0,0
0,0,0	4,1,0	0,0,0	0,0,0	0,0,0	0,0,0	0,0,0
0,0,0	0,0,0	0,0,0	0,0,0	0,0,0	0,0,0	1,0,0
1,0,0	0,0,0	0,0,0	0,4,0	0,0,0	0,0,0	0,0,0
0,0,0	0,0,0	0,0,0	0,0,0	1,1,0	0,0,0	0,0,0
0,1,0	0,0,0	0,0,0	0,1,0	0,0,0	0,0,0	0,0,0
0,0,0	0,0,0	0,0,0	9,1,3	0,0,0	0,0,0	0,0,0
0,0,0	0,0,0	1,0,0	0,0,0	0,0,0	4,0,0	0,0,0
0,0,0	0,0,0	0,0,0	0,0,0	0,1,0	0,0,0	5,0,0
0,0,2	0,0,0	0,0,0	0,0,0	0,0,0	0,0,0	2,0,0
0,0,0	0,0,0	0,0,0	0,0,0	4,0,0	0,0,0	0,0,0
0,0,0	0,0,0	0,0,0	0,0,0	0,0,0	0,0,0	3,0,0
0,0,0	0,0,0	0,0,0	0,0,0	1,0,0	0,0,0	0,0,0
0,0,0	0,0,0	0,0,0	0,0,0	0,4,0	0,0,0	0,0,0
0,0,0	0,0,0	0,0,0	0,0,0	0,0,0	0,0,0	1,0,0
2,0,0	0,0,0	0,0,0	0,0,0	0,0,0	0,0,0	0,0,0
0,0,0	0,0,0	0,0,0	0,0,0	0,4,0	0,0,0	0,0,0
0,0,0	0,0,1	0,0,0	2,0,0	0,0,0	0,0,0	0,0,0
0,0,0	0,0,0	0,0,0	0,0,0	0,0,0	0,0,0	0,1,0
0,0,0	0,0,0	0,0,0	0,0,0	0,0,0	0,0,0	0,8,0
0,0,0	3,0,0	5,0,0	0,0,0	0,0,0	0,0,0	0,0,0
0,0,0	0,0,0	0,0,0	0,0,0	3,0,0	0,0,0	0,0,0
0,0,0	0,0,0	0,0,0	0,0,0	0,2,0	0,0,0	0,0,0
0,0,0	0,0,0	0,1,0	0,0,0	0,0,0	0,0,0	0,0,0
0,0,0	0,0,0	0,0,0	0,0,0	0,0,0	0,0,0	0,2,0
0,0,0	16,7,3	0,0,0	0,0,0	0,0,0	0,0,0	0,0,0
0,0,0	0,0,0	0,0,3	0,0,0	0,0,0	0,0,0	0,0,0
0,1,0	0,0,0	0,0,0	0,0,0	0,0,0	0,0,0	0,0,0
0,0,0	0,2,0	0,0,0	0,0,0	0,0,0	0,0,0	0,0,0
0,0,0	0,13,0	0,0,0	0,0,0	0,0,0	0,0,0	0,0,0
0,0,0	0,0,0	0,0,0	0,0,0	0,0,0	0,0,0	0,0,1
0,0,0	0,0,0	0,0,0	0,0,0	0,0,0	0,0,0	0,0,1
0,0,0	0,3,0	0,0,0	0,0,0	0,0,0	0,0,0	0,0,0
0,0,0	0,1,0	0,0,0	0,0,0	0,0,0	0,0,0	0,0,0
0,0,0	0,0,0	0,4,0	0,0,0	0,0,0	0,0,0	0,0,2
0,0,0	0,0,0	0,0,0	0,0,0	0,0,0	0,0,0	1,0,0
0,0,0	0,0,0	0,5,0	0,0,0	0,0,0	0,0,0	0,0,0
0,0,0	0,0,0	0,0,0	0,0,0	0,0,0	3,4,1	0,0,0
0,0,0	0,1,0	0,0,0	0,0,0	0,0,0	0,0,0	0,0,0
0,0,0	0,0,0	31,0,19	0,0,0	0,0,0	1,2,3	0,0,0
0,0,0	42,0,0	0,0,0	0,0,0	0,0,0	0,0,0	0,0,0
0,0,0	0,0,0	0,0,0	0,0,0	0,0,0	10,0,0	0,0,0
0,0,0	0,0,0	0,0,0	0,0,0	0,0,0	0,0,0	0,0,1
0,0,0	0,0,0	3,0,0	0,0,0	0,0,0	0,0,0	0,0,0
0,6,0	0,0,0	0,0,0	0,0,0	0,0,0	0,0,0	0,0,0
0,0,0	0,0,0	0,1,0	0,0,0	0,0,0	0,7,0	0,0,0
0,0,0	0,0,0	0,0,0	0,0,0	0,0,0	0,0,0	0,1,0
0,0,0	0,3,0	0,0,0	0,0,0	0,0,0	0,0,0	0,0,0
0,0,0	0,0,0	0,0,0	0,0,0	0,0,0	6,0,0	0,0,0
0,0,0	0,0,0	5,2,1	0,0,0	0,0,0	0,0,0	0,0,0
0,0,0	0,0,0	0,0,0	0,0,0	0,0,0	1,0,0	5,0,0
0,1,0	0,0,0	0,0,0	0,0,0	0,0,0	0,0,0	0,0,0
0,0,0	0,0,0	0,0,0	0,0,0	0,0,0	0,3,0	0,0,0
0,0,0	0,0,0	0,0,0	0,0,0	1,0,0	0,0,0	0,0,0
0,0,0	0,0,0	0,0,0	0,0,0	0,0,0	2,0,0	0,0,0
0,0,0	0,0,0	0,0,0	0,0,0	0,0,0	2,1,5	0,0,0
0,0,0	0,0,0	0,0,0	0,0,0	0,0,0	1,0,0	0,0,0
0,0,0	0,0,0	8,0,0	0,0,0	0,0,0	0,0,0	0,0,0
0,0,0	0,0,0	0,0,0	0,0,0	3,0,0	0,0,0	0,0,0
0,0,0	0,0,0	0,0,0	0,0,0	0,0,0	0,1,0	0,0,0
0,0,0	0,0,0	0,0,0	0,0,0	0,0,0	12,0,0	0,0,0
0,0,0	0,0,0	0,0,0	0,0,0	0,0,4	0,0,0	0,0,0
0,0,0	0,0,0	0,0,0	0,0,0	0,0,0	0,0,0	3,0,0
0,1,0	0,0,0	0,0,0	0,0,0	0,0,0	0,0,0	0,0,0
0,1,0	0,0,0	0,0,0	0,0,0	0,0,0	0,0,0	0,0,0
0,0,0	0,0,0	0,0,0	0,0,0	0,0,0	0,0,0	0,1,0
1,0,0	0,0,0	0,0,0	0,0,0	0,0,0	0,0,0	0,0,0
15,0,0	0,0,0	0,0,0	0,0,0	0,0,0	0,0,0	0,0,0
0,0,0	0,0,0	0,0,0	0,0,0	17,0,0	0,0,0	0,0,0
0,0,0	0,0,0	0,0,0	0,0,0	0,0,0	0,0,0	0,1,0
0,0,0	0,0,0	4,0,0	0,0,0	0,0,0	0,0,0	0,0,0
0,0,0	1,0,0	0,0,0	0,0,0	0,0,0	0,0,0	0,0,0
12,0,2	0,0,0	0,0,0	0,0,0	0,0,0	0,0,0	0,0,0
2,0,0	1,0,0	0,0,0	0,0,0	0,0,0	0,0,0	0,0,0
0,4,0	0,0,0	0,0,0	0,0,0	0,0,0	0,0,0	0,0,0
0,0,0	0,0,0	0,0,0	0,0,0	3,0,0	0,0,0	0,0,0
0,0,0	0,0,0	0,0,0	0,0,0	0,0,0	0,0,0	9,0,0
0,0,0	0,0,0	0,15,0	0,0,3	0,0,0	0,0,0	0,0,0
0,0,0	0,0,0	0,0,0	4,0,0	0,0,0	0,0,0	0,0,0
0,0,0	0,0,0	0,0,0	0,0,0	0,0,1	0,0,0	0,0,0
0,1,0	0,0,0	0,0,0	0,0,0	0,0,0	0,0,0	0,0,0
0,0,0	0,0,0	0,0,0	0,0,0	3,1,0	0,0,0	0,0,0
0,0,0	0,0,0	0,0,0	0,0,0	3,6,6	0,0,0	0,0,0
0,0,0	0,0,0	0,1,0	0,0,1	0,0,0	0,0,0	0,0,0
1,0,0	0,0,0	0,0,0	0,0,0	0,0,0	0,0,0	0,0,0
0,0,0	1,0,0	0,0,0	0,0,0	0,0,0	0,0,0	0,0,0
0,1,0	0,0,0	0,0,0	0,0,0	0,0,0	0,0,0	0,0,0
0,0,0	0,0,0	0,0,0	0,0,0	0,0,0	0,0,0	0,1,0
0,0,0	0,0,0	0,0,0	0,0,0	2,0,0	0,0,1	0,0,0
0,0,0	0,0,0	1,0,0	0,0,0	0,0,0	0,0,0	0,0,0
0,6,0	0,0,0	0,0,0	2,0,0	0,0,0	0,0,0	0,0,0
0,0,0	0,0,2	2,0,0	0,0,0	0,0,0	0,0,0	3,0,0
0,0,0	0,0,0	0,0,0	0,0,0	0,0,2	0,0,0	0,0,0
0,0,0	0,0,0	0,0,0	0,0,0	0,0,1	0,0,0	0,0,0
0,3,0	0,0,0	0,0,0	0,0,0	0,0,0	0,0,0	0,0,0
0,0,0	0,0,0	0,0,0	0,0,0	0,0,0	0,0,0	1,0,0
0,0,0	0,0,0	0,0,0	0,0,0	2,1,0	0,0,0	0,0,0
0,5,0	0,0,0	0,0,0	0,0,0	0,0,0	0,0,0	0,0,0
0,1,0	0,0,0	0,0,0	0,0,0	0,0,0	0,0,0	0,0,0
0,0,0	0,0,0	0,0,0	0,0,0	0,0,0	0,0,0	1,0,0
11,1,0	0,0,0	0,0,0	0,0,0	0,0,0	0,0,0	0,0,0
0,0,0	0,0,0	0,0,0	22,0,0	0,0,0	9,0,0	0,0,0
0,0,0	0,0,0	0,0,0	0,7,0	13,0,0	0,0,0	0,0,0
0,0,0	0,0,0	0,0,0	0,0,0	0,0,0	1,0,0	0,0,0
0,0,0	0,0,0	0,0,0	6,0,0	0,0,0	0,0,0	0,0,0
0,0,0	0,0,0	0,0,0	0,1,0	0,0,0	5,0,0	0,0,0
0,0,0	0,0,0	0,0,0	7,0,0	0,0,0	0,0,0	0,0,0
0,0,0	0,0,0	0,0,0	0,1,0	0,0,0	0,0,0	0,0,0
0,0,0	0,0,0	0,0,0	0,0,0	0,0,0	0,0,0	5,0,0
0,0,0	0,5,0	0,0,0	0,0,0	0,0,0	0,0,0	0,0,0
0,0,0	0,0,0	0,0,0	0,1,0	0,0,0	0,0,0	0,0,0
0,0,0	0,0,0	7,0,0	0,0,0	0,0,0	0,0,0	0,0,0
0,0,0	1,0,0	0,0,0	0,0,0	0,0,0	0,0,0	0,0,0
0,0,0	0,0,0	0,0,0	0,1,0	0,0,0	0,0,0	0,0,0
0,0,0	0,0,0	0,0,0	0,0,0	0,0,0	0,0,0	0,2,0
0,0,0	5,0,0	0,0,0	0,0,0	0,0,0	0,0,0	0,0,0
0,0,0	7,10,3	0,0,0	0,0,0	0,0,0	0,0,0	0,0,0
0,0,0	0,0,0	0,0,0	2,0,0	0,0,0	0,0,0	0,0,0
0,0,0	0,0,0	0,0,0	0,0,0	0,0,0	0,0,0	6,0,5
0,0,0	0,0,0	0,0,0	0,2,0	0,0,0	0,0,0	0,0,0
0,0,0	0,0,0	0,0,0	4,0,0	0,0,0	0,0,0	0,0,0
0,0,0	3,0,0	0,0,0	0,0,0	0,0,0	0,0,0	0,0,0
0,0,0	0,0,0	0,0,0	0,0,0	0,0,0	2,0,0	0,0,0
0,0,0	0,0,0	0,0,0	0,0,0	7,0,0	0,0,0	0,0,0
0,0,0	0,0,0	0,0,0	0,0,0	0,0,0	1,4,1	0,0,0
0,0,0	0,0,0	0,0,0	0,0,0	0,0,0	0,1,0	0,0,0
0,0,0	0,0,0	0,0,0	0,0,0	0,0,0	0,0,0	0,1,0
0,0,0	0,0,0	0,2,0	0,0,0	0,0,0	0,0,0	0,0,0
0,0,0	0,0,0	20,1,0	0,0,0	0,0,0	31,0,0	0,0,0
0,0,0	3,1,0	0,0,0	0,0,0	0,0,0	0,0,0	0,0,0
0,0,0	0,2,0	0,0,0	0,0,0	0,0,0	0,0,0	0,0,0
0,0,0	0,0,0	0,0,0	0,0,0	0,0,0	20,0,1	0,0,0
0,0,0	0,0,0	0,0,0	0,0,0	0,0,0	0,0,0	1,0,0
1,0,0	0,0,0	0,0,0	0,0,0	0,0,0	0,0,0	0,0,0
0,0,0	0,0,0	0,0,0	0,1,0	0,0,0	0,0,0	0,0,0
0,0,0	0,0,0	0,0,0	1,0,0	0,0,0	0,0,0	0,0,0
0,0,0	0,0,0	0,0,0	0,5,0	0,0,0	0,0,0	0,0,0
0,0,0	0,0,0	0,0,0	0,0,0	0,0,0	0,0,0	0,1,0
0,0,0	0,0,0	0,0,0	0,0,0	15,0,0	0,0,0	0,0,0
0,0,0	0,0,0	0,0,0	0,0,0	0,1,0	0,0,0	0,0,0
0,0,0	0,0,0	0,0,0	0,3,0	0,0,0	0,0,0	0,0,0
0,0,0	0,0,0	0,0,0	0,1,0	0,0,0	0,0,0	0,0,0
0,0,0	0,0,0	0,0,0	0,0,0	0,0,0	0,0,0	1,0,0
0,0,0	10,0,0	0,0,0	0,0,0	0,0,0	0,0,0	2,0,0
0,0,0	0,0,0	0,0,0	3,0,0	0,0,0	0,0,0	0,0,0
0,0,0	0,0,0	0,0,0	0,0,0	0,0,0	0,0,0	3,0,0
0,0,0	0,0,0	0,0,0	0,1,0	0,0,0	0,0,0	0,0,0
0,0,0	0,0,0	0,0,0	0,0,0	0,0,0	0,0,0	2,0,0
0,0,0	0,10,0	0,0,0	0,0,0	0,0,0	0,0,0	0,0,0
0,0,0	0,0,0	0,0,0	0,0,0	0,0,0	0,0,0	4,0,0
0,0,0	0,0,0	0,0,0	0,0,0	0,2,0	0,0,0	0,0,0
0,0,0	0,0,0	0,0,0	0,0,0	0,0,0	1,0,0	0,0,0
0,0,0	0,0,0	0,23,0	0,0,0	0,0,0	0,0,0	0,0,0
0,0,0	0,0,0	0,0,0	0,0,0	2,0,0	0,0,0	0,0,0
0,0,0	0,0,0	0,0,0	0,0,0	0,0,0	0,0,0	0,2,0
0,0,0	0,0,0	13,0,0	0,0,0	5,0,0	0,0,0	0,0,0
0,0,0	0,0,0	0,0,0	2,0,0	0,0,0	0,0,0	0,0,0
0,0,0	0,0,0	0,0,0	0,2,0	2,2,0	0,0,0	0,0,0
2,0,0	0,0,0	0,0,0	0,0,0	0,0,0	0,0,0	2,0,0
0,0,0	2,0,0	0,0,0	0,0,0	0,0,0	0,0,0	0,0,0
0,0,0	6,0,0	7,0,0	0,0,0	0,0,0	0,0,0	0,0,0
8,0,0	0,0,0	0,0,0	0,0,0	0,0,0	0,0,0	0,0,0
0,0,0	1,0,0	0,0,0	0,0,0	0,0,0	0,0,0	0,0,0
0,0,0	0,0,0	0,0,0	0,0,0	2,2,0	0,0,0	0,0,0
0,0,0	0,0,0	13,0,0	0,0,0	0,0,0	0,0,0	0,0,0
0,0,0	0,0,0	0,3,0	0,0,0	0,0,0	0,0,0	0,0,0
0,0,0	0,0,0	5,0,0	0,0,0	0,0,0	0,0,0	0,1,0
0,0,0	0,0,0	0,0,0	0,0,0	0,0,0	0,0,0	1,0,0
0,0,0	0,0,0	0,0,0	11,0,0	0,0,0	0,0,0	0,0,0
0,0,0	2,0,0	0,0,0	0,0,0	0,0,0	0,0,0	0,0,0
0,0,0	0,0,0	29,0,0	0,0,0	0,0,0	0,0,0	0,0,0
0,0,0	0,5,0	0,0,0	0,0,0	0,0,0	0,0,0	0,0,0
0,0,0	0,0,0	6,0,0	0,7,0	0,0,0	0,0,0	0,0,0
0,0,0	0,3,0	0,0,0	0,0,0	0,0,0	0,0,0	0,0,0
0,0,0	2,0,0	0,0,0	0,0,0	0,0,0	0,0,0	0,0,0
0,0,0	0,0,0	0,0,0	0,0,0	0,0,0	6,4,1	0,0,0
0,0,0	0,0,0	0,0,0	7,0,0	0,0,0	0,0,0	0,0,0
0,0,0	0,0,0	1,0,0	0,0,0	0,0,0	0,0,0	0,0,0
0,0,0	0,10,0	0,0,0	0,0,0	4,0,0	0,0,0	0,0,0
0,0,0	1,0,0	0,0,0	0,0,0	0,0,0	0,0,0	0,0,0
0,0,0	0,0,0	19,35,0	0,0,0	0,0,0	0,0,0	0,0,0
0,0,0	0,0,0	5,0,0	0,0,0	0,0,0	0,0,0	0,0,0
0,0,0	0,0,0	0,0,0	10,0,0	0,0,0	0,0,0	0,0,0
0,0,0	0,0,0	0,0,0	0,0,0	0,0,0	0,0,0	2,0,0
0,0,0	0,0,0	0,0,0	0,0,0	10,0,0	0,0,0	0,0,0
0,0,0	0,0,0	0,0,0	5,0,0	0,0,0	0,0,0	0,0,0
0,1,0	0,0,0	0,0,0	0,0,0	0,0,0	0,0,0	4,0,0
0,0,0	0,0,0	0,0,0	0,0,0	0,0,0	4,1,2	0,0,0
0,0,0	0,0,0	0,0,0	3,0,0	0,0,0	0,0,0	0,0,0
0,0,0	0,0,0	0,0,0	0,1,0	0,0,0	0,0,0	0,0,0
0,0,0	1,0,0	0,0,0	0,0,0	0,0,0	0,0,0	0,0,0
0,0,0	0,0,0	5,1,5	0,0,0	0,0,0	0,0,0	0,0,0
0,0,0	0,0,0	0,0,0	13,0,0	0,0,0	0,0,0	0,0,0
0,0,0	3,0,0	0,0,0	0,0,0	0,0,0	0,0,0	0,0,0
0,0,0	0,0,0	0,0,0	1,0,0	0,0,0	0,0,0	0,0,0
0,0,0	0,0,1	0,0,0	3,0,0	0,0,0	0,0,0	0,0,0
0,0,0	3,0,0	0,0,0	2,0,0	0,0,0	0,0,0	0,0,0
0,2,0	0,0,0	0,0,0	0,0,0	3,0,0	0,0,0	0,0,0
0,0,0	0,0,0	0,0,0	1,0,0	0,0,0	0,0,0	0,0,0
0,0,0	0,0,0	0,0,0	0,0,0	0,0,0	0,0,0	1,0,0
0,0,0	1,0,0	0,0,0	3,0,0	0,0,0	0,0,0	0,0,0
0,0,0	0,0,0	0,0,1	0,0,0	0,0,0	0,0,0	0,0,0
0,0,0	0,0,0	0,0,0	0,0,0	0,0,0	2,0,2	0,0,0
0,0,0	0,0,0	0,0,0	1,0,0	0,0,0	0,0,0	0,0,0
0,0,0	0,2,0	0,0,0	0,0,0	0,0,0	0,0,0	0,0,0
0,0,0	0,0,0	0,0,0	0,0,0	0,0,0	6,1,1	0,0,0
0,0,0	0,0,0	0,0,0	0,0,0	1,0,0	0,0,0	0,0,0
0,0,0	3,0,0	0,0,0	0,0,0	0,0,0	0,0,0	0,0,0
0,0,0	0,0,0	0,0,0	0,0,0	1,0,0	0,0,0	6,0,0
12,0,2	0,0,0	0,0,0	0,0,0	0,0,0	0,0,0	0,0,0
0,0,0	0,0,0	0,0,0	3,0,0	0,0,0	0,0,0	0,0,0
0,0,0	0,0,0	0,0,0	0,0,0	0,0,0	0,0,0	2,0,0
0,0,0	0,0,0	0,0,0	0,0,0	0,0,0	4,0,0	0,0,0
8,5,1	0,0,0	0,0,0	0,0,0	0,0,0	0,0,0	0,0,0
2,2,1	0,0,0	0,0,0	0,0,0	0,0,0	0,0,0	0,0,0
0,7,0	0,0,0	0,0,0	0,0,0	0,0,0	0,0,0	0,0,0
0,0,0	0,0,0	0,2,0	0,0,0	0,0,0	0,0,0	0,0,0
0,0,0	0,3,0	0,0,0	0,0,0	0,0,0	0,0,0	0,0,0
0,0,0	0,0,0	0,0,0	0,0,0	0,0,0	4,0,0	0,0,0
0,0,0	0,0,0	0,0,0	0,0,0	0,0,0	0,0,0	1,0,0
0,0,0	0,1,0	0,0,0	0,0,0	0,0,0	0,0,0	0,0,0
0,0,0	0,0,0	0,0,0	0,0,0	0,1,0	0,0,0	0,0,0
0,0,0	0,0,0	0,0,0	0,0,0	0,0,0	0,0,0	1,0,0
0,2,0	0,0,0	0,0,0	0,0,0	0,0,5	0,0,0	0,0,0
0,0,0	0,0,0	0,0,0	0,0,0	0,0,0	0,0,0	0,0,1
0,0,0	0,0,0	0,0,0	2,0,0	0,1,0	0,0,0	0,0,0
0,0,0	0,0,0	0,0,0	0,0,0	7,0,0	0,0,0	0,0,0
0,0,0	0,0,0	0,0,0	0,0,0	0,0,0	8,0,1	0,0,0
0,0,0	0,0,0	0,0,0	0,0,0	0,0,0	0,0,0	1,0,0
0,0,0	0,0,0	0,0,0	0,0,0	0,0,0	0,0,0	7,0,0
1,2,1	0,0,0	0,0,0	0,0,0	0,0,0	0,0,0	0,0,0
0,0,0	0,0,0	0,0,0	0,0,0	2,0,0	0,0,0	0,0,0
0,0,0	0,0,0	0,0,0	0,0,0	4,0,0	0,0,0	0,0,0
0,0,0	0,0,0	16,4,10	0,0,0	0,0,0	0,0,0	0,0,0
0,1,0	0,0,0	0,0,0	0,0,0	0,0,0	0,0,0	0,0,0
0,0,0	0,0,0	0,0,0	0,0,0	0,0,0	0,0,0	1,0,0
0,0,0	0,0,0	0,0,0	6,0,0	0,0,0	0,0,0	0,0,0
0,0,0	0,0,0	0,0,0	0,0,0	1,0,0	0,0,0	0,0,0
0,0,0	0,0,0	0,1,0	0,0,0	0,0,0	0,0,0	6,0,0
0,0,0	0,0,0	0,0,0	3,6,0	0,0,0	0,0,0	0,0,0
0,0,0	0,0,0	0,0,0	0,0,0	0,0,0	0,0,0	0,0,1
2,0,0	0,0,0	0,0,0	0,0,0	0,0,0	0,0,0	0,0,0
0,0,0	0,0,0	0,0,0	0,0,0	0,0,0	0,0,0	0,0,3
0,0,0	0,0,0	0,0,0	0,0,0	3,0,0	0,0,0	0,0,0
0,0,0	2,0,0	0,0,0	0,0,0	0,0,0	0,0,0	0,0,0
7,0,0	0,0,0	0,0,0	0,0,0	0,0,0	0,0,0	0,0,0
0,6,0	0,0,0	0,0,0	0,0,0	0,0,0	0,0,0	0,0,0
0,0,0	0,0,0	0,0,0	0,0,0	0,0,0	0,0,0	1,0,0
0,0,0	0,0,0	0,0,0	0,0,0	0,8,0	0,0,0	0,0,0
0,0,0	0,0,0	0,0,0	0,0,0	0,0,0	0,0,0	0,0,3
0,0,0	0,0,0	0,0,0	0,0,0	0,0,0	0,0,0	1,0,0
0,0,0	0,0,0	0,0,0	0,0,0	0,1,0	0,0,0	0,0,0
0,0,0	0,0,0	0,0,0	0,0,0	0,2,0	0,0,0	0,0,0
0,0,0	0,0,0	0,0,0	0,4,0	0,0,0	0,0,0	0,0,0
1,0,0	0,0,0	0,0,0	0,0,0	0,0,0	0,0,0	0,0,0
0,0,0	8,0,0	0,0,0	0,1,0	0,0,0	0,0,0	0,0,2
0,0,0	0,0,1	0,0,0	0,0,0	0,0,0	0,0,0	0,0,0
0,0,0	0,0,0	0,0,0	0,0,0	0,0,0	6,0,0	0,0,0
0,0,0	0,0,3	0,0,0	0,0,0	0,0,0	0,0,0	0,0,0
0,0,0	0,0,0	0,0,0	0,0,0	0,0,0	7,0,0	0,0,0
0,0,0	0,0,0	0,0,0	0,0,1	0,0,0	0,0,0	0,0,0
0,0,0	0,0,0	0,0,0	0,0,0	0,0,0	0,0,0	2,0,0
0,0,0	0,0,0	0,7,6	0,0,0	0,0,0	0,0,0	0,0,0
0,1,0	0,0,0	0,0,0	0,0,0	0,0,0	0,0,0	0,0,1
0,0,0	0,0,0	0,0,0	0,0,0	0,0,0	1,0,0	1,0,0
0,0,0	0,0,0	0,0,0	0,0,0	0,0,0	0,1,0	0,0,0
0,0,0	0,0,2	0,0,0	0,0,0	0,0,0	0,0,0	0,0,0
0,0,0	0,0,1	0,0,0	0,0,0	0,0,0	0,0,0	0,0,0
1,0,0	0,0,0	0,0,0	0,0,0	0,0,0	0,0,0	0,0,0
0,0,0	0,0,2	0,0,0	0,0,0	0,0,0	0,0,0	0,0,0
0,0,0	2,0,0	0,0,0	0,0,0	0,0,0	0,0,0	0,0,0
0,0,0	0,0,0	0,0,0	0,0,0	0,0,1	0,0,0	0,0,1
0,0,0	0,0,0	0,0,0	0,1,0	0,0,0	0,0,0	0,0,0
0,0,0	8,1,1	0,0,0	0,0,0	0,0,0	0,0,0	0,0,0
0,0,0	0,0,0	0,0,0	0,0,0	0,0,0	0,0,0	0,0,3
0,0,0	0,0,0	0,0,0	0,0,0	0,0,0	0,2,0	0,0,0
0,0,0	0,0,0	0,0,0	0,0,0	0,0,0	2,0,0	0,0,0
0,0,0	0,0,0	0,0,0	3,0,0	0,0,0	0,0,0	0,0,0
0,0,0	0,0,0	0,0,0	0,0,0	0,0,0	2,0,0	0,0,0
6,0,0	0,0,0	0,0,0	0,0,0	0,0,0	0,3,0	0,0,0
0,0,0	0,0,0	0,0,0	0,0,0	0,0,0	0,5,0	0,0,0
0,0,0	3,0,0	0,0,0	0,0,0	0,0,0	0,0,0	0,0,0
0,0,0	4,0,0	0,0,0	0,0,0	0,0,0	0,0,0	0,0,0
0,0,0	0,0,0	0,0,0	0,4,0	0,0,0	0,0,0	0,0,0
0,0,0	0,0,0	0,0,0	0,0,0	0,0,0	8,7,1	0,0,0
0,0,0	0,0,0	0,0,0	0,0,0	0,0,0	4,0,0	0,0,0
0,0,0	0,0,0	0,0,0	0,0,0	0,0,0	0,0,0	0,1,0
0,0,0	0,0,5	0,0,2	0,0,0	0,0,0	0,0,0	0,0,0
0,1,0	0,0,0	0,0,0	0,0,0	0,0,0	0,0,0	0,0,0
0,0,0	0,0,0	0,0,0	0,0,1	0,0,0	1,0,0	0,0,0
3,0,0	0,0,0	0,0,0	0,0,0	0,0,0	0,0,0	0,0,0
0,0,0	1,0,0	0,0,0	0,0,0	0,0,0	0,0,0	0,0,0
1,0,0	0,0,0	0,0,0	0,0,0	0,0,0	0,0,0	0,0,0
3,0,0	0,0,0	0,0,0	0,0,0	0,0,0	0,0,0	0,0,0
1,0,0	0,0,0	0,0,0	0,0,0	0,0,0	0,0,0	0,0,0
0,0,0	6,0,0	0,0,0	0,0,0	0,0,0	0,0,0	0,0,0
0,0,0	0,0,0	0,1,0	0,0,0	0,0,0	0,0,0	0,0,0
0,0,0	0,1,0	0,0,0	0,0,0	0,0,0	0,0,0	0,0,0
0,0,0	0,0,6	0,0,0	0,0,0	0,0,0	0,0,0	0,0,0
0,0,0	0,1,0	0,0,0	0,0,0	0,0,0	0,0,0	0,0,0
0,0,0	10,0,0	0,0,0	0,0,0	0,0,0	0,0,0	0,0,0
0,0,0	9,0,0	0,0,0	0,0,0	0,0,0	0,0,0	0,0,0
0,2,0	0,0,0	0,0,0	0,0,0	0,0,0	0,0,0	0,0,0
0,0,0	0,0,0	5,0,0	0,0,0	0,0,0	0,0,0	0,0,0
2,0,0	0,0,0	0,0,0	0,0,0	0,0,0	0,0,0	0,0,0
0,0,0	0,0,0	0,0,1	0,0,0	0,0,0	0,0,0	0,0,0
0,1,0	0,0,0	0,0,0	0,0,0	0,0,0	0,0,0	0,0,0
0,0,1	0,0,0	1,0,0	0,0,0	0,0,0	0,0,0	0,0,0
0,0,0	0,1,0	0,0,0	0,0,0	0,0,0	0,0,0	0,0,0
0,0,0	0,0,0	0,0,0	0,0,0	0,1,0	0,0,0	0,0,0
0,0,0	12,0,0	0,0,0	0,0,0	0,0,0	0,0,0	0,0,0
0,0,0	9,0,0	0,0,0	0,0,0	0,0,0	0,0,0	0,0,0
0,0,0	0,1,0	0,0,0	0,0,0	0,0,0	0,0,0	0,0,0
0,2,0	0,0,0	0,0,0	0,0,0	0,0,0	0,0,0	0,0,0
5,0,0	3,0,0	0,0,0	0,0,0	0,0,0	0,0,0	0,0,0
2,0,0	0,0,0	0,0,0	0,0,0	0,0,0	0,0,0	0,0,0
0,0,0	4,0,0	0,0,0	0,0,0	0,0,0	1,2,0	0,0,0
0,0,0	0,0,0	0,0,0	0,0,0	0,0,0	4,0,0	0,0,0
0,0,0	0,0,0	0,0,0	0,0,0	2,0,0	0,0,0	0,0,0
0,0,0	0,0,0	0,0,0	0,0,0	0,0,0	1,0,0	0,0,0
0,0,0	0,0,0	0,0,0	0,0,0	3,0,0	0,0,0	0,0,0
0,0,0	0,0,0	0,0,0	0,0,0	0,0,0	0,1,0	0,0,0
0,0,0	0,0,0	1,0,0	0,0,0	0,0,0	0,0,0	0,0,0
0,0,0	5,0,0	0,0,0	0,0,0	0,0,0	0,0,0	0,0,0
0,0,0	10,2,5	0,0,0	0,0,0	0,0,0	0,0,0	0,0,0
0,0,0	0,0,0	0,0,0	0,0,0	0,0,0	0,1,0	0,0,0
0,0,0	0,0,0	0,0,0	0,0,0	0,2,0	0,0,0	0,0,0
11,0,0	0,0,0	7,0,0	0,0,0	0,0,0	0,0,0	0,0,0
10,0,0	0,0,0	3,0,0	0,0,0	0,0,0	0,0,0	0,0,0
0,0,5	0,0,0	0,0,0	1,0,0	0,0,0	0,0,0	1,0,0
0,0,0	0,0,0	0,0,0	7,0,0	0,0,0	0,0,0	0,0,0
0,0,0	0,0,0	0,0,0	0,0,0	0,0,0	4,0,1	0,0,0
0,0,0	0,0,0	0,0,0	0,0,0	0,0,0	0,2,0	0,0,0
0,0,0	0,0,0	4,0,0	0,0,0	0,0,0	0,0,0	0,0,0
3,0,0	0,0,0	0,0,0	0,0,0	0,0,0	0,0,0	0,0,0
0,0,0	0,0,0	0,0,0	0,0,0	0,1,0	0,0,0	0,0,0
0,0,0	0,0,0	0,0,0	0,0,0	0,0,0	0,2,0	0,0,0
0,0,0	0,0,0	0,0,0	0,0,0	0,0,0	0,1,0	0,0,0
0,0,0	0,0,0	0,0,0	0,3,0	0,0,0	0,0,0	0,0,0
0,0,0	0,0,0	0,0,0	0,0,0	0,0,0	1,0,0	0,0,0
0,0,0	0,0,0	0,0,0	0,0,0	0,0,1	0,0,0	0,0,0
0,1,0	0,0,0	0,0,0	0,0,0	0,0,0	0,0,0	0,0,0
0,0,0	0,0,0	8,0,2	0,0,0	0,0,0	0,0,0	0,0,0
1,0,0	0,0,0	0,0,0	0,3,0	0,0,1	0,0,0	0,0,0
0,0,0	0,0,0	0,0,1	0,0,0	0,0,0	0,0,0	0,0,0
4,0,0	0,0,0	0,0,0	0,0,0	0,0,0	0,0,0	1,0,0
0,0,0	0,0,0	0,0,0	0,0,0	0,0,0	0,0,0	0,3,0
0,0,0	0,0,0	0,0,0	0,0,0	0,3,0	0,0,0	0,0,0
0,0,0	0,0,0	0,0,0	0,0,0	3,4,0	0,0,0	0,0,0
0,0,0	0,0,0	0,0,0	0,1,0	0,0,0	0,0,0	0,0,0
0,0,0	0,0,0	0,0,0	0,0,0	0,0,0	0,6,7	0,0,0
0,0,0	0,0,0	0,0,0	1,0,0	0,0,0	0,0,0	0,0,0
0,0,0	0,0,0	0,0,0	0,0,0	0,2,0	0,0,0	0,0,0
0,0,0	0,0,0	0,0,1	0,0,0	0,0,0	0,0,0	0,0,0
1,0,0	0,0,0	0,0,0	0,6,0	0,0,0	0,0,0	0,0,0
0,0,0	0,7,0	0,0,0	0,0,0	0,0,0	0,0,0	0,0,0
1,0,0	0,0,0	0,0,0	0,1,0	0,0,0	0,0,0	0,0,0
0,0,0	0,0,0	0,0,0	0,0,0	0,0,0	8,0,0	0,0,0
0,0,0	0,0,0	0,0,0	0,0,0	2,0,0	0,0,0	0,0,0
0,0,0	1,0,0	0,0,0	4,0,0	0,0,0	0,0,0	0,0,0
0,0,0	0,0,0	0,0,0	0,0,0	0,0,0	0,0,0	7,0,0
0,0,0	3,0,0	0,0,0	0,0,0	0,0,0	0,0,0	0,0,0
0,0,0	0,0,0	0,0,8	0,0,0	0,0,0	0,0,0	0,0,0
0,0,0	1,0,0	0,0,0	0,0,0	0,0,0	0,0,0	0,0,0
0,0,0	0,0,1	0,0,0	0,0,0	0,0,0	0,0,0	0,0,0
0,0,0	0,0,0	0,0,0	0,0,0	0,2,0	6,0,0	0,0,0
0,0,0	0,0,0	0,0,8	0,0,0	0,0,0	0,0,0	0,0,0
0,0,0	0,0,0	0,0,0	0,0,0	0,0,0	0,0,0	0,1,0
1,0,0	0,0,3	0,0,0	0,0,0	0,0,3	0,0,0	0,0,0
0,0,0	0,0,0	3,0,0	0,0,0	0,0,0	0,0,0	0,0,0
0,0,0	0,0,0	0,0,0	0,0,0	0,2,0	0,0,0	0,0,0
0,0,0	0,0,2	0,0,0	0,0,0	0,2,0	0,0,0	0,0,0
0,0,0	0,0,0	0,0,0	0,0,0	0,4,1	0,0,0	0,0,0
0,0,0	0,0,0	0,0,0	0,0,0	0,1,0	0,0,0	0,0,0
0,0,0	0,0,0	0,0,0	0,0,0	0,0,0	0,0,0	0,1,0
0,0,0	0,0,0	0,0,1	0,0,0	0,1,0	0,0,0	0,0,0
0,0,0	7,0,0	0,0,0	0,0,0	0,0,0	0,0,0	0,0,0
0,0,0	0,1,0	0,0,0	0,0,0	3,0,0	0,0,0	0,0,0
0,0,0	3,1,1	0,0,0	0,0,0	0,0,0	0,0,0	0,0,0
0,0,0	3,1,0	0,0,0	0,0,0	0,0,0	0,0,0	0,0,0
0,0,0	0,0,0	0,0,0	0,0,0	0,1,0	0,0,0	0,0,0
0,0,0	0,0,0	0,0,0	0,2,0	0,0,0	0,0,0	0,0,0
0,0,0	0,0,0	0,0,0	0,0,0	0,0,0	0,0,0	1,0,0
0,0,0	0,0,0	1,0,0	1,0,0	0,1,0	0,0,0	0,1,0
0,0,0	0,0,0	4,1,0	0,0,0	0,0,0	0,0,0	0,0,0
0,0,0	0,0,0	15,0,0	0,0,0	0,0,0	0,0,0	0,0,0
0,0,0	0,0,0	0,0,0	0,0,0	0,1,0	0,0,0	0,0,0
0,0,0	0,0,0	0,0,0	0,0,0	0,6,0	0,0,0	0,0,0
0,0,0	0,0,0	0,0,0	0,0,0	0,0,0	0,0,0	0,2,0
0,0,0	0,0,0	0,0,0	0,0,0	0,0,0	0,0,0	4,2,0
0,1,0	0,0,0	0,0,0	0,0,0	0,0,0	0,0,0	0,0,0
0,0,0	0,0,0	0,0,0	0,0,0	0,0,0	0,0,0	0,1,0
0,0,0	0,0,0	0,0,0	0,2,0	0,0,0	0,0,0	0,0,0
0,0,0	0,0,0	0,0,0	0,0,0	0,0,0	0,0,0	0,1,0
0,0,0	0,0,0	0,0,0	0,0,0	3,0,1	0,0,0	0,0,0
0,0,0	0,0,0	0,0,0	0,2,0	0,0,0	0,0,0	0,0,0
4,0,0	0,0,0	0,0,0	0,0,0	0,0,0	0,0,0	0,0,0
0,0,0	0,0,0	0,0,0	0,0,0	0,0,0	0,0,0	3,0,0
0,0,0	0,0,0	0,0,0	0,0,0	1,0,0	0,0,0	0,0,0
0,0,0	0,0,0	0,0,0	0,0,0	0,0,0	0,0,0	1,0,0
0,0,0	0,0,0	0,0,0	0,0,0	0,1,0	0,0,0	0,0,0
0,0,0	0,0,0	0,0,0	2,0,0	0,0,0	0,0,0	0,0,0
1,0,0	0,0,0	0,0,0	0,0,0	0,0,0	0,0,0	0,0,0
0,0,0	0,0,0	0,0,0	0,0,0	0,3,0	0,0,0	0,0,0
0,0,0	0,5,0	0,0,0	8,0,0	0,0,0	0,0,0	0,0,0
2,0,0	0,0,0	0,0,0	0,0,0	0,0,0	0,0,0	0,0,0
0,0,0	0,0,0	0,5,0	0,0,0	0,0,0	0,0,0	0,0,0
0,0,0	0,0,1	0,0,0	0,0,0	0,1,0	0,0,0	0,0,0
0,0,0	0,0,0	0,0,0	0,0,0	2,1,5	0,0,0	0,0,0
0,0,0	0,0,0	0,0,0	0,0,0	0,0,0	0,0,0	4,0,0
0,0,0	0,0,0	0,0,0	0,0,0	0,1,0	0,0,0	0,0,0
0,0,0	0,0,0	0,0,0	0,0,0	0,1,0	0,0,0	0,0,0
0,0,0	2,2,5	0,0,0	0,0,0	0,0,0	0,0,0	0,0,0
0,0,0	0,0,0	0,0,0	0,0,0	1,0,7	0,0,0	0,0,0
4,0,0	0,0,0	0,0,0	0,0,0	0,0,0	0,0,0	0,0,0
4,0,0	0,0,0	0,0,0	0,0,0	0,0,0	0,0,0	1,0,0
0,0,0	0,0,0	0,0,0	0,0,0	0,0,0	0,0,0	0,4,0
0,0,0	0,0,0	0,0,0	0,0,0	1,0,0	0,0,0	0,0,0
0,0,0	0,0,0	0,0,0	0,1,0	1,0,0	0,0,0	0,0,0
0,0,0	0,0,0	0,0,0	0,0,0	1,0,0	0,0,0	0,0,0
0,0,0	0,0,0	0,0,0	4,0,1	0,0,0	0,0,0	0,0,0
0,0,0	0,0,0	0,0,0	0,2,0	0,0,0	0,0,0	0,0,0
0,0,0	0,0,0	0,0,0	0,0,0	0,1,0	0,0,0	0,0,0
0,0,0	0,0,0	4,5,4	0,0,0	0,0,0	0,0,0	0,0,0
0,0,0	0,0,0	0,1,0	0,0,0	0,0,0	0,0,0	0,0,0
0,0,0	4,0,4	0,0,0	0,0,0	0,0,0	0,0,0	0,0,0
0,0,0	0,6,0	0,0,0	0,0,0	0,0,0	0,0,0	0,0,0
0,0,0	0,0,0	0,0,0	2,0,0	0,0,0	0,0,0	2,0,0
0,0,0	5,0,0	0,0,0	0,0,0	0,0,0	0,0,0	0,0,0
0,0,0	0,0,0	0,0,0	0,0,0	2,0,1	0,0,0	0,0,0
0,0,0	0,0,0	1,0,0	0,0,0	0,0,0	0,0,0	0,0,0
0,0,0	5,0,0	0,0,0	0,0,0	0,0,0	4,0,0	0,0,0
0,0,0	0,2,0	0,0,0	0,0,0	0,0,0	0,0,0	0,0,0
0,0,0	0,0,0	0,0,0	0,0,0	1,0,0	0,0,0	0,0,0
0,0,0	0,0,0	0,0,0	0,0,0	0,0,0	6,0,0	0,0,0
5,0,0	0,0,0	0,0,0	0,0,0	0,0,0	0,0,0	0,0,0
0,0,0	0,0,0	0,0,0	0,0,0	0,0,1	0,0,0	0,0,0
0,0,0	0,0,1	0,0,0	0,0,0	0,0,0	0,0,0	0,0,0
0,0,0	0,0,0	0,0,0	0,0,0	2,0,1	0,0,0	0,0,0
1,0,0	0,0,0	0,0,0	0,0,0	0,0,0	0,0,0	0,0,0
0,0,0	0,0,0	0,0,0	0,0,0	1,0,0	0,0,0	0,0,0
9,0,0	0,0,0	1,0,0	0,0,0	0,0,0	0,0,0	0,0,0
0,0,0	0,0,0	0,0,0	0,0,0	0,0,0	0,0,0	4,0,0
0,0,0	4,0,0	0,0,0	0,0,0	0,0,0	0,0,0	0,0,0
0,0,0	1,5,0	0,0,0	0,0,0	0,0,0	0,0,0	0,0,0
0,0,0	0,0,0	0,0,0	0,0,0	1,0,0	0,0,0	0,0,0
0,0,0	0,0,0	0,0,0	0,0,0	0,0,4	0,0,0	0,0,0
0,0,0	0,0,0	0,0,0	0,0,0	0,0,3	0,0,0	0,0,0
0,0,0	1,0,0	0,0,0	0,0,0	0,0,0	1,0,2	0,0,0
0,0,0	0,0,0	0,0,0	3,0,0	0,0,0	0,0,0	0,0,0
0,0,0	0,0,0	0,0,0	0,0,0	0,0,0	0,0,0	4,0,0
0,0,0	0,0,1	0,0,0	0,0,0	0,0,0	0,0,0	0,0,0
0,2,0	0,0,0	0,0,0	0,4,0	0,0,0	0,0,0	0,0,0
0,0,0	0,0,0	0,0,0	1,0,0	0,0,0	5,0,0	0,0,0
0,0,0	1,0,0	0,0,0	0,0,0	0,0,0	0,0,0	0,0,0
0,0,0	0,0,0	0,0,0	0,0,0	0,0,0	0,0,0	3,0,0
0,0,0	0,0,0	0,0,0	0,0,1	0,0,0	4,0,0	0,0,0
0,0,0	0,0,0	0,0,0	0,0,0	0,0,1	0,0,0	0,0,0
2,0,0	0,0,0	0,0,0	0,0,0	0,0,0	0,0,0	0,0,0
0,0,0	0,0,0	0,0,0	0,0,0	0,0,2	0,0,0	0,0,0
1,0,0	0,0,0	0,0,0	0,0,0	0,0,0	0,0,0	0,0,0
0,0,0	0,0,0	0,0,0	0,0,0	0,0,0	7,0,0	0,0,0
0,0,0	0,0,0	0,0,0	0,0,0	0,0,0	2,0,0	1,0,0
0,0,0	0,0,0	0,0,0	0,0,0	0,0,0	0,0,0	1,0,0
8,0,0	0,0,0	1,0,0	0,0,0	0,0,0	0,0,0	0,0,0
8,0,0	0,0,0	0,0,0	0,0,0	0,0,0	0,0,0	0,0,0
5,0,6	0,0,0	0,0,0	0,0,0	0,0,0	0,0,0	0,0,0
0,0,0	0,0,0	0,0,0	0,0,0	0,0,0	0,0,0	3,1,1
0,0,0	0,0,0	0,0,0	0,0,0	2,0,0	0,0,0	0,0,0
1,1,0	0,0,0	0,0,0	0,0,0	0,0,0	0,0,0	0,0,0
0,1,0	0,0,0	0,0,0	0,0,0	0,0,0	0,0,0	0,0,0
0,0,0	0,0,0	0,0,0	0,0,0	0,0,1	0,0,0	0,0,0
0,0,0	0,0,0	0,0,0	0,0,0	0,0,0	2,0,0	0,0,0
0,0,0	0,0,0	0,0,0	0,0,0	0,0,3	1,0,0	0,0,0
0,0,0	0,0,0	0,0,0	0,0,0	3,0,0	0,0,0	0,0,0
0,0,0	0,0,0	0,0,0	0,0,0	1,0,0	0,0,0	0,0,0
0,0,0	0,0,0	0,0,0	0,0,0	0,0,0	0,0,0	1,0,0
0,0,0	0,0,0	0,0,0	0,0,0	1,0,0	0,0,0	0,0,0
1,0,0	0,0,0	0,0,0	0,0,0	0,0,0	0,0,0	0,0,0
0,0,0	0,0,0	0,0,0	0,0,0	0,0,0	0,0,0	1,0,0
0,0,0	2,0,0	0,0,0	0,0,0	0,0,0	0,0,0	0,0,0
0,0,0	0,0,0	0,0,0	0,0,0	1,0,0	0,0,0	0,0,0
0,0,0	0,0,0	1,0,0	0,0,0	5,0,0	4,0,0	0,0,0
0,0,0	0,0,0	0,0,0	0,0,0	0,0,0	0,0,0	1,0,0
1,0,0	0,0,0	0,0,0	0,0,0	0,0,0	0,0,0	0,0,0
0,0,0	0,0,0	0,0,0	0,0,0	0,0,0	1,0,0	1,0,0
0,0,0	0,0,0	0,0,0	0,0,0	2,1,2	0,0,0	0,0,0
0,0,0	0,0,0	0,0,0	0,0,0	0,0,0	16,0,0	0,0,0
0,0,0	0,0,0	0,0,0	0,0,0	0,0,1	1,0,0	0,0,0
0,0,0	0,0,0	0,0,0	0,0,0	1,0,0	0,0,0	0,0,0
0,1,0	0,0,0	0,0,0	0,0,0	0,0,0	0,0,0	0,0,0
7,0,0	0,0,0	0,0,0	0,0,0	0,0,0	0,0,0	0,0,0
0,0,0	1,0,0	0,0,0	0,0,0	0,0,0	0,0,0	0,0,0
0,0,0	8,0,0	0,0,0	16,0,0	0,0,0	0,0,0	0,0,0
0,3,0	0,2,0	0,0,0	0,0,0	0,0,0	0,0,0	0,0,0
0,0,0	0,0,0	0,0,0	0,0,0	1,0,0	0,0,0	0,2,0
0,0,0	0,1,0	0,0,0	0,0,0	0,0,0	0,0,0	0,0,0
0,0,0	0,0,0	0,0,0	0,0,0	0,0,0	1,0,0	0,0,0
0,2,0	0,0,0	0,0,0	0,0,4	0,0,0	0,0,0	0,0,0
0,0,0	0,0,0	0,0,0	0,0,0	0,0,0	0,0,0	0,2,0
1,0,0	0,0,0	0,0,0	0,0,0	0,0,0	0,0,0	0,0,0
0,0,0	0,0,0	0,0,0	0,0,0	0,0,0	0,0,0	1,0,0
0,1,0	0,0,0	0,0,0	0,0,0	0,0,0	0,0,0	0,0,0
0,0,0	0,0,0	3,0,0	0,0,0	0,0,0	0,0,0	0,0,0
0,0,2	0,0,0	0,0,0	0,0,0	0,0,0	0,0,0	0,0,0
1,0,0	0,0,0	0,0,0	0,0,0	0,0,0	0,0,0	0,0,0
0,0,0	0,0,0	0,0,0	1,0,0	4,0,0	0,0,0	0,0,0
0,0,0	0,0,0	0,0,0	0,0,0	0,0,0	0,1,0	0,0,0
0,0,0	0,1,0	0,0,0	0,0,0	0,0,0	0,0,0	0,0,0
0,0,0	0,0,0	0,0,0	0,0,0	0,0,0	6,0,0	0,0,0
0,0,0	0,0,0	0,0,0	0,0,0	0,0,0	3,0,1	0,0,0
0,0,0	0,0,0	0,0,0	0,0,0	5,0,0	0,0,0	0,0,0
0,0,0	0,0,0	0,0,0	0,0,0	0,0,0	0,0,0	0,1,0
0,0,0	0,0,0	0,0,0	0,0,0	0,0,0	1,0,0	0,0,0
0,0,0	0,0,0	0,0,0	0,0,0	2,0,0	0,0,0	0,0,0
0,0,0	0,1,0	0,0,0	0,0,0	0,0,0	0,0,0	0,0,0
0,0,0	0,0,2	4,0,0	0,0,0	0,0,0	0,0,4	0,0,0
0,0,0	0,0,0	1,0,0	0,0,0	0,0,0	0,0,0	0,0,0
0,0,0	0,1,0	0,0,0	0,0,0	0,0,0	0,0,0	0,0,0
0,0,0	0,0,0	0,0,0	0,0,0	0,0,0	0,1,0	0,0,0
0,0,0	0,0,0	0,0,0	0,0,0	0,0,0	1,0,0	0,0,0
0,0,0	0,0,1	0,0,0	0,0,0	0,0,1	1,0,0	0,0,0
0,0,0	0,0,0	0,0,0	0,0,0	0,0,0	1,0,0	0,0,0
0,0,0	0,0,0	0,2,0	0,0,0	0,0,0	0,0,0	0,0,0
0,0,0	1,0,0	0,0,0	0,0,0	0,0,0	0,0,0	0,0,0
0,0,0	0,0,0	0,0,0	0,0,0	0,0,0	0,0,0	0,1,0
0,0,0	0,0,0	0,1,0	0,0,0	0,0,0	0,0,0	0,0,0
0,0,0	0,0,0	0,0,0	0,0,0	1,0,0	0,0,0	0,0,0
0,0,0	0,0,0	0,0,0	0,0,0	0,1,0	0,0,0	0,0,0
0,0,0	3,0,0	0,0,0	0,0,0	0,0,0	0,0,0	0,0,0
0,0,0	0,0,0	0,6,0	0,0,0	0,0,0	0,0,0	0,0,0
0,0,0	0,0,0	0,0,0	0,0,0	0,0,0	4,0,0	0,0,0
0,0,0	0,0,0	0,0,0	0,0,0	0,0,0	0,1,0	0,0,0
0,0,0	0,0,0	0,0,0	0,0,0	0,0,0	2,3,0	0,0,0
0,0,0	0,0,0	0,0,0	0,0,0	0,0,0	1,0,0	0,0,0
2,0,0	0,0,1	0,0,0	0,0,0	0,0,0	0,0,0	0,0,0
0,0,0	0,0,0	0,0,0	0,0,0	0,0,0	1,0,0	0,0,0
0,0,0	0,0,0	5,0,0	0,0,1	0,0,0	0,0,0	0,0,0
0,0,0	0,2,0	0,0,0	0,0,0	0,0,0	0,0,0	0,0,0
0,0,0	3,0,0	1,0,0	0,0,0	0,0,0	0,0,0	0,0,0
0,0,0	0,0,0	0,0,0	0,0,0	0,0,0	0,0,0	2,0,0
0,0,0	0,0,0	0,0,0	0,0,0	0,0,0	2,0,0	0,0,0
0,0,0	0,0,0	0,0,0	4,0,0	0,0,0	0,0,0	0,0,0
0,0,0	0,0,0	0,0,0	0,0,0	0,0,0	0,0,0	0,2,0
0,0,0	0,0,0	0,0,0	0,0,0	0,0,0	9,0,0	0,0,0
0,0,0	0,0,0	0,0,0	0,0,0	0,0,0	0,0,0	1,0,0
0,0,0	0,0,0	0,0,0	0,0,0	0,0,0	0,0,0	2,0,0
0,0,0	0,4,0	0,0,0	0,0,0	0,0,0	0,0,0	0,0,0
0,0,0	0,0,0	0,0,0	0,0,0	0,0,0	0,0,0	0,3,0
0,0,0	0,0,0	0,0,0	0,0,0	0,0,0	0,2,0	0,0,0
0,0,0	0,3,0	0,0,0	0,0,0	0,0,0	0,0,0	0,0,0
0,0,0	4,0,0	0,0,0	0,0,0	0,0,0	0,0,0	0,0,0
0,0,0	0,0,0	0,0,0	0,0,0	0,0,0	0,0,0	1,0,0
0,0,0	0,0,0	0,0,0	0,0,0	0,0,0	0,0,0	1,3,0
0,0,0	0,0,0	0,0,0	0,0,0	0,0,0	0,0,0	3,3,2
0,0,0	0,0,0	0,0,0	0,0,0	0,0,0	0,0,0	1,0,0
0,0,0	0,0,0	0,0,0	0,0,0	0,0,0	0,0,0	0,1,0
0,0,0	0,0,0	0,0,0	1,1,0	0,0,0	0,0,0	0,0,0
0,0,0	0,0,0	0,0,0	0,0,0	0,0,0	0,0,0	0,1,0
0,0,1	0,0,0	0,0,0	1,0,0	0,0,0	0,0,0	0,0,0
0,0,0	0,0,1	0,0,0	0,0,0	0,0,0	0,0,0	0,1,0
0,0,0	0,1,0	0,0,0	0,0,0	0,0,0	0,2,0	0,0,0
0,0,0	0,0,0	0,0,0	0,0,0	0,0,1	0,0,0	0,0,0
0,0,0	0,0,0	0,0,0	0,0,0	0,0,0	0,0,0	0,1,0
0,0,0	0,0,0	0,0,0	0,0,0	0,0,0	0,0,0	2,0,0
1,0,0	0,0,0	0,0,0	7,0,0	0,0,0	0,0,0	0,0,0
0,0,0	0,0,0	0,0,0	0,0,0	0,0,0	0,0,0	0,1,0
2,0,0	2,0,0	0,0,0	0,0,0	0,0,0	0,0,0	0,0,0
0,0,0	0,0,0	0,0,0	0,0,0	0,0,0	1,0,0	0,0,0
0,0,0	0,0,0	0,0,0	1,0,0	0,0,0	0,0,0	0,0,0
0,0,0	0,0,0	0,0,0	0,3,0	0,0,0	0,0,0	0,0,0
0,0,0	0,0,0	0,2,0	0,0,0	0,0,0	0,0,0	0,0,0
0,0,0	0,0,0	0,0,0	0,0,0	0,0,0	5,0,0	0,0,0
0,0,0	0,0,0	0,0,0	0,2,0	0,0,0	0,0,0	0,0,0
2,0,4	0,0,0	0,0,0	0,0,0	0,0,0	0,0,0	0,0,0
0,0,0	0,0,0	0,0,0	0,0,0	2,0,0	0,0,0	0,0,0
0,0,0	0,0,0	0,0,0	4,0,0	0,0,0	0,0,0	0,0,0
0,0,0	0,0,0	0,0,0	1,0,0	0,0,0	0,0,0	0,0,0
0,0,0	0,0,0	4,0,0	0,0,0	0,0,0	0,0,0	0,0,0
0,0,0	0,0,0	0,0,0	1,0,0	2,0,0	0,0,0	0,0,0
0,0,0	0,0,0	0,0,0	0,1,0	0,0,0	0,0,0	0,0,0
0,0,0	0,0,0	0,0,0	3,0,0	0,0,0	0,0,0	0,0,0
0,0,2	0,0,0	0,0,0	0,0,0	0,0,0	0,0,0	0,0,0
0,0,0	0,0,0	0,0,0	0,0,0	0,0,0	0,0,0	0,1,0
0,0,0	0,0,0	0,0,0	0,0,0	0,0,0	0,0,0	0,4,0
0,0,0	0,0,0	0,0,0	0,0,0	0,0,0	0,0,0	0,2,0
0,0,0	0,0,0	0,0,0	0,0,0	0,0,0	0,0,0	0,5,0
0,0,0	0,0,0	0,0,0	0,0,0	7,2,2	0,0,0	0,0,0
0,0,0	0,0,0	0,0,0	0,0,0	0,0,0	0,0,0	0,1,0
0,0,0	4,0,0	0,0,0	0,0,0	0,0,0	0,0,1	0,0,0
0,0,0	3,0,0	0,0,0	0,0,0	0,0,0	0,0,0	0,1,0
0,0,0	0,1,2	0,0,0	0,0,0	0,0,0	0,0,0	0,0,0
0,0,0	0,0,0	0,0,0	0,0,0	0,0,0	0,1,0	0,0,0
0,0,0	0,0,0	0,0,0	0,0,0	0,0,0	0,0,0	2,0,0
0,0,0	0,0,0	0,0,0	0,0,0	0,0,0	11,0,19	0,0,0
0,0,7	0,0,0	0,0,0	0,0,0	0,0,0	1,0,0	0,0,0
0,0,0	0,0,0	0,0,0	0,0,0	0,0,0	0,0,0	0,1,0
0,0,0	0,0,0	0,0,0	0,0,0	0,0,0	0,0,0	1,0,0
0,0,0	0,0,0	0,0,0	0,0,0	0,0,0	0,0,0	0,1,0
0,0,0	0,0,0	0,0,0	1,0,0	0,0,0	0,1,0	0,0,0
0,0,0	0,0,0	0,0,0	0,0,0	0,0,0	0,0,0	0,1,0
0,0,0	0,0,0	0,0,0	0,0,0	0,0,0	0,0,0	1,0,0
0,0,0	0,0,0	0,0,0	0,0,0	0,0,1	0,0,0	0,0,0
0,0,0	0,0,0	0,27,0	0,0,0	0,0,0	0,0,0	0,0,0
0,0,0	0,0,0	0,0,0	0,0,0	1,0,0	0,0,1	0,0,0
0,0,0	0,0,0	0,0,0	0,0,0	0,0,0	0,0,1	0,0,0
0,0,0	0,0,0	0,0,1	0,0,0	0,0,0	0,0,0	0,0,0
0,0,0	0,0,0	0,0,0	0,0,0	0,0,8	0,0,0	0,0,0
0,0,0	0,1,0	0,0,0	0,0,0	0,0,0	0,0,0	0,0,0
0,0,0	0,1,0	0,0,0	0,0,0	0,0,0	0,0,0	0,0,0
0,0,0	0,0,0	0,0,0	0,0,0	0,0,0	0,0,0	0,0,2
0,0,0	6,0,0	0,0,0	0,0,0	0,0,0	0,0,0	0,0,0
1,0,0	0,0,0	0,0,0	0,0,0	0,0,0	0,0,0	0,0,0
0,0,0	0,0,0	0,0,0	0,0,0	0,0,0	0,0,0	0,0,1
0,0,0	0,0,0	0,0,0	0,0,0	0,3,0	0,0,0	0,0,0
0,0,1	0,0,0	0,0,0	0,0,0	0,0,0	0,0,0	0,0,0
0,0,0	0,0,0	0,1,0	0,0,0	0,0,0	0,0,0	0,0,0
0,0,1	0,0,0	0,0,0	0,0,0	0,0,0	0,0,0	0,0,0
0,0,0	0,0,0	0,0,0	0,0,8	0,0,0	0,0,0	0,0,0
0,0,0	0,0,0	0,0,0	0,0,0	0,0,0	0,0,0	1,0,0
0,0,0	0,0,0	2,6,0	0,0,0	0,0,0	0,0,0	0,0,0
0,0,0	0,0,0	0,0,0	0,0,0	0,0,0	0,0,0	2,0,0
0,0,0	0,0,0	0,0,0	0,0,0	0,0,0	0,0,0	3,0,0
0,0,0	0,0,0	0,0,0	0,0,0	0,0,0	0,0,0	1,0,0
0,0,0	0,0,0	0,2,0	0,0,0	0,0,0	0,3,0	0,0,0
0,0,0	0,0,0	0,0,0	0,0,0	0,0,0	1,0,0	0,0,0
0,0,0	0,0,0	0,0,0	0,0,0	0,0,0	0,1,0	0,0,0
0,1,0	0,0,0	0,0,0	0,0,0	0,0,0	0,0,0	0,0,0
0,0,0	0,0,0	0,0,0	12,0,0	0,0,0	0,0,0	0,0,0
0,0,0	0,0,0	0,0,0	0,0,0	0,0,0	1,0,0	0,0,0
0,0,0	0,8,0	0,0,0	0,0,0	0,0,0	0,0,0	0,0,0
0,0,0	3,0,0	0,0,0	0,0,0	0,0,0	0,0,0	0,0,0
0,0,0	0,0,0	0,0,0	0,4,0	0,0,0	0,0,0	0,0,0
0,0,0	0,1,0	0,0,0	0,0,0	0,0,0	0,0,0	0,0,0
0,0,0	0,0,0	0,0,0	0,0,0	0,0,0	0,0,0	1,0,0
0,0,0	0,0,0	0,0,0	0,0,0	0,0,0	1,0,0	0,0,0
0,0,0	0,0,0	0,0,0	0,0,0	0,0,0	0,0,0	2,0,0
0,0,0	0,0,0	4,0,0	0,0,0	10,0,0	0,0,0	0,0,0
0,0,0	0,0,0	0,0,0	0,0,0	0,0,0	0,0,0	0,1,0
0,0,0	0,0,0	0,0,0	0,0,0	0,0,0	0,1,0	0,0,0
0,4,0	0,0,0	0,0,0	0,0,0	0,0,0	0,0,0	0,0,0
0,2,0	0,0,0	0,0,0	0,0,0	0,0,0	0,0,0	0,0,0
0,0,0	0,0,0	0,0,0	0,0,0	0,1,0	0,0,0	0,1,0
0,0,0	0,0,0	0,0,0	0,0,0	0,0,0	3,0,0	0,0,0
0,0,0	0,0,0	0,0,0	0,0,0	0,0,0	0,1,0	0,0,0
0,0,0	0,0,0	0,0,0	0,0,0	0,0,0	3,0,0	0,0,0
0,0,0	0,0,0	0,0,0	0,0,0	0,0,0	2,0,0	0,0,0
0,0,0	0,0,0	0,0,0	0,0,0	0,0,0	0,2,0	0,0,0
0,0,0	0,0,0	0,0,0	0,0,0	0,3,0	0,0,0	0,0,0
0,7,0	0,0,0	0,0,0	0,0,0	0,0,0	0,0,0	0,0,0
0,0,0	0,0,0	0,0,0	0,0,0	0,0,0	1,0,0	0,0,0
0,0,0	0,0,0	0,0,0	0,0,0	0,0,0	0,1,0	0,0,0
0,0,0	0,0,0	0,0,0	3,0,0	0,2,0	0,0,0	0,0,0
0,0,0	0,0,0	0,0,0	0,0,0	0,0,0	0,0,0	6,1,0
0,0,0	0,0,0	0,0,1	0,0,0	0,0,0	0,0,0	0,0,0
0,0,0	0,0,0	0,0,0	0,0,0	0,0,0	1,0,0	0,0,0
0,0,0	0,0,0	0,0,0	0,0,0	0,0,1	0,0,4	0,0,0
0,0,0	0,0,0	0,0,0	0,0,0	0,0,0	7,2,2	0,0,0
1,0,0	0,0,0	0,0,0	0,0,0	0,0,0	0,0,0	0,0,0
0,0,0	0,0,0	0,0,0	0,0,0	0,0,0	0,0,5	0,0,0
0,0,0	0,0,0	0,0,0	0,0,0	0,0,6	0,0,0	0,0,0
0,1,0	0,0,0	0,0,0	0,0,0	0,0,0	0,0,0	0,0,0
0,0,0	0,0,1	0,0,0	0,0,0	0,0,0	0,0,0	0,0,0
0,0,0	0,0,0	0,0,0	0,0,0	0,0,0	1,0,0	0,0,0
0,0,0	0,0,0	0,0,0	0,0,0	0,0,0	0,0,1	0,0,0
0,0,0	0,0,5	0,0,0	0,0,0	0,0,0	0,0,0	0,0,0
0,1,0	0,0,0	0,0,0	0,0,0	0,0,0	0,0,0	0,0,0
0,0,0	0,0,0	0,0,0	0,0,0	0,0,0	3,0,0	0,0,0
0,0,0	0,0,0	0,0,4	0,0,0	0,0,0	0,0,0	0,0,0
0,0,1	0,0,0	0,0,0	0,0,0	0,0,0	0,0,0	0,0,0
0,0,0	0,3,0	0,0,0	0,0,0	0,0,0	0,0,0	0,0,0
0,0,0	0,0,0	0,0,0	0,0,0	0,0,0	0,0,0	1,0,0
0,0,0	0,0,0	0,0,0	0,0,0	0,0,0	7,0,0	0,0,0
0,0,0	0,0,0	0,0,0	0,2,0	0,0,0	0,0,0	0,0,0
0,0,0	0,0,0	0,0,0	0,0,0	0,0,0	0,0,0	0,1,0
0,0,0	0,0,0	0,0,0	0,0,0	0,0,0	0,0,0	0,1,0
0,0,0	0,0,0	0,0,0	0,0,0	0,0,0	0,0,0	0,2,0
0,0,0	0,0,0	2,0,0	0,0,0	0,0,0	0,0,0	0,0,0
0,0,0	0,0,0	3,0,0	0,0,0	0,0,0	0,0,0	0,0,0
0,0,0	1,0,0	0,0,0	0,0,0	0,0,0	0,0,0	0,0,0
0,0,0	0,0,0	0,0,0	0,0,0	0,0,0	0,0,1	0,0,0
0,0,0	6,0,1	0,0,0	0,0,0	0,0,0	0,0,0	0,0,0
0,0,0	0,0,0	0,0,0	0,0,0	0,0,0	0,0,0	1,0,0
0,0,0	0,0,0	0,0,0	0,0,0	0,0,0	4,0,0	0,0,0
4,0,0	0,0,0	0,0,0	0,0,0	0,0,0	0,0,0	0,1,0
0,0,0	1,0,0	0,0,0	0,0,0	0,0,0	0,0,0	0,0,0
0,0,0	0,0,0	0,0,0	0,0,0	0,0,1	0,0,0	0,0,0
0,0,0	0,0,0	0,0,0	2,0,0	0,0,0	0,0,0	0,0,0
0,0,0	0,0,0	0,0,0	0,0,2	0,0,0	0,0,0	0,0,0
0,0,0	0,0,0	0,0,0	2,0,0	0,0,0	0,0,0	0,0,0
0,0,0	0,0,0	0,0,0	3,0,0	0,0,0	0,0,0	0,0,0
0,0,0	0,0,2	0,0,0	0,0,0	0,0,0	0,0,0	0,0,0
0,0,0	0,0,2	0,0,0	0,0,0	0,0,0	0,0,0	0,0,0
0,0,0	0,0,0	0,0,1	0,0,3	0,0,0	0,0,0	0,0,0
0,0,0	0,0,0	0,0,0	0,0,4	0,0,0	0,0,0	0,0,0
0,0,0	0,0,0	0,0,0	0,0,3	0,0,0	0,0,0	0,0,0
0,0,0	0,0,0	0,0,0	0,0,3	0,0,0	0,0,0	0,0,0
0,0,0	0,0,0	0,0,0	0,0,1	0,0,0	0,0,0	0,0,0
0,0,0	0,0,3	0,0,0	0,0,0	0,0,0	0,0,0	0,0,0
1,3,2	0,0,0	0,0,0	0,0,0	0,0,0	0,0,0	0,0,0
0,0,0	0,0,0	0,0,0	1,0,0	0,0,0	0,0,0	0,0,0
0,0,0	0,0,0	0,0,0	0,0,0	0,0,0	0,0,0	4,0,0
0,0,0	0,0,0	0,0,0	0,0,0	0,0,4	0,0,0	0,0,0
0,0,0	0,0,0	0,0,0	0,0,8	0,0,0	0,0,0	0,0,0
0,0,0	0,0,0	0,0,0	0,0,3	0,0,0	0,0,0	0,0,0
0,0,0	0,0,2	0,0,0	0,0,0	0,0,0	0,0,0	0,0,0
0,0,0	0,0,0	0,0,0	3,0,1	0,0,0	0,0,0	0,0,0
0,0,0	0,0,0	0,0,0	0,0,2	0,0,0	0,0,0	0,0,0
0,0,0	0,0,0	0,0,0	0,0,1	0,0,0	0,0,0	0,0,0
0,0,0	0,0,0	0,0,0	0,0,3	0,0,0	0,0,0	0,0,0
0,0,0	1,0,0	0,0,0	0,0,0	0,0,0	0,0,0	0,0,0
9,0,0	0,0,0	0,0,0	0,0,0	0,1,0	0,0,1	0,0,0
0,0,0	0,0,0	0,0,0	0,2,1	0,0,0	0,0,0	0,0,0
0,0,0	0,0,1	0,0,0	0,0,0	0,0,0	0,0,0	0,0,0
1,0,0	0,0,0	0,0,0	0,0,0	0,0,0	0,0,0	0,0,0
0,0,0	0,0,0	0,0,0	3,0,0	0,0,0	0,0,0	0,0,0
0,0,0	0,0,0	0,4,2	0,0,0	0,0,0	0,0,0	0,0,0
0,0,0	0,0,0	0,0,0	2,0,0	0,0,0	0,0,0	0,0,0
0,0,0	0,0,0	0,0,0	0,0,0	1,2,1	0,0,0	0,0,0
0,0,0	0,0,7	0,0,0	0,0,0	0,0,0	0,0,0	0,0,0
0,0,0	0,0,0	0,0,0	0,0,0	0,1,0	0,0,0	0,0,0
0,0,0	0,0,0	0,0,0	0,0,0	0,2,0	0,0,0	0,0,0
0,0,0	0,0,0	0,0,0	0,0,0	0,1,0	0,0,0	0,0,0
0,0,0	0,0,0	0,0,0	0,0,0	0,0,0	0,0,0	0,0,1
0,0,0	0,0,0	0,0,0	0,0,0	1,0,0	0,0,0	0,0,0
0,0,0	0,0,0	0,0,0	0,0,0	0,1,0	1,0,0	0,0,0
0,0,0	0,1,0	0,0,0	0,0,0	0,0,0	0,0,0	0,0,0
0,0,0	0,0,0	1,0,0	0,0,0	1,0,0	0,0,0	0,0,0
0,0,0	0,0,0	20,0,0	0,0,0	0,0,0	0,0,0	0,0,0
0,0,0	0,0,0	0,0,0	0,0,0	0,0,0	0,1,0	0,0,1
0,0,0	5,0,0	0,0,0	0,0,0	0,0,0	0,0,0	0,0,0
0,0,0	0,0,0	0,0,0	0,0,0	0,0,0	0,2,0	0,0,0
0,0,0	2,0,0	0,0,0	0,0,0	0,0,0	0,0,0	0,0,0
0,0,0	0,0,0	0,1,0	0,0,0	0,0,0	0,0,0	0,0,0
0,0,0	0,0,0	0,0,0	0,0,0	0,1,0	0,0,0	0,0,0
0,0,0	0,0,0	0,0,0	0,0,0	0,0,0	0,1,0	0,0,0
0,0,0	0,0,0	0,0,0	3,0,0	0,5,0	0,0,0	0,0,0
0,0,0	0,0,0	0,0,0	0,0,0	0,0,0	0,2,0	0,0,0
0,0,0	0,0,0	0,0,0	0,0,0	0,1,0	0,0,0	0,0,0
0,0,0	0,3,0	0,0,0	0,0,0	0,0,0	0,0,0	0,0,0
0,0,0	0,0,0	0,4,0	0,0,0	0,0,0	0,0,0	0,0,0
0,0,0	0,0,0	7,0,0	0,0,0	0,0,0	0,0,0	0,0,0
0,0,0	0,1,0	0,0,0	0,0,0	0,0,0	0,0,0	0,0,0
0,0,0	0,1,0	0,0,0	0,0,0	0,2,0	0,0,0	0,0,0
0,0,0	0,0,0	0,0,0	0,0,0	0,1,0	0,0,0	0,0,0
0,0,0	0,0,0	0,0,0	0,0,0	0,1,0	0,0,0	0,0,0
0,0,0	0,0,0	0,0,1	0,0,0	1,0,0	0,0,0	0,0,0
0,0,0	0,0,0	0,0,0	0,0,0	1,0,0	0,0,0	0,1,0
0,0,0	0,0,0	0,0,0	0,0,0	0,0,0	0,0,0	0,0,1
0,0,0	0,0,0	0,0,0	0,0,1	0,0,0	0,0,0	0,0,0
0,0,0	0,0,0	0,0,2	0,0,0	0,0,0	0,0,0	0,0,0
0,0,0	0,0,0	0,0,0	1,0,0	0,0,0	0,0,0	0,0,0
0,0,0	0,0,0	4,0,0	0,0,0	0,0,0	0,0,0	0,0,0
0,0,0	0,0,0	0,0,0	1,0,0	0,0,0	0,0,0	0,0,0
0,0,0	0,0,1	0,0,0	2,0,0	0,0,0	0,0,0	0,0,0
0,0,0	0,0,0	0,0,0	2,0,0	0,0,0	0,0,0	0,0,0
0,0,0	3,0,1	0,0,0	0,0,0	0,0,0	0,0,0	0,0,0
0,0,0	0,0,0	0,0,0	2,0,0	0,0,0	0,0,0	0,0,0
0,0,0	0,0,0	0,0,4	0,0,0	0,0,0	0,0,0	0,0,0
1,0,0	0,0,0	0,0,0	0,0,0	0,0,0	0,0,0	0,0,0
0,0,0	0,0,0	0,0,0	0,0,0	0,0,0	1,0,0	0,0,0
0,0,0	0,0,0	0,0,0	0,0,0	0,0,0	1,0,0	0,0,0
0,0,0	0,0,0	31,0,0	0,0,0	0,0,0	0,0,0	0,0,1
0,0,0	0,0,0	9,0,0	0,0,0	0,0,0	0,0,0	0,0,0
0,0,0	0,0,0	0,0,0	0,0,1	0,0,0	0,0,0	0,0,0
0,0,0	0,0,0	0,0,0	0,0,0	0,0,0	0,0,1	0,0,0
0,0,0	0,0,0	0,0,0	0,0,0	0,0,0	0,0,1	0,0,0
0,0,0	0,0,0	0,0,0	0,0,1	0,0,0	0,0,0	0,0,0
0,0,0	0,0,0	7,1,0	0,0,0	0,0,0	0,0,0	0,0,0
0,0,0	0,0,0	0,0,0	0,0,0	0,0,7	0,0,0	0,0,0
0,0,0	0,0,0	2,0,0	0,0,0	0,0,0	0,0,0	0,0,0
0,0,0	0,0,0	0,0,0	9,0,0	0,0,0	0,0,0	0,0,0
0,0,0	1,0,0	0,0,0	0,0,0	0,0,0	0,0,0	0,0,0
0,0,0	0,0,0	0,0,0	0,0,1	0,0,0	0,0,0	0,0,0
0,0,0	0,0,0	0,0,0	0,0,1	0,0,0	0,0,0	0,0,0
0,0,2	0,0,0	11,0,0	0,0,0	0,0,0	0,0,0	0,0,0
0,0,0	0,0,1	0,0,0	0,0,0	0,1,0	0,0,0	0,0,0
0,0,0	0,0,0	9,0,1	0,0,0	0,0,0	0,0,0	0,0,0
0,0,0	0,0,0	0,0,1	0,0,0	0,0,0	0,0,0	0,0,0
0,0,0	0,0,2	0,0,0	0,0,0	0,0,0	0,0,0	0,0,0
0,0,0	0,0,0	0,0,0	7,0,0	0,0,0	0,0,0	0,0,0
0,0,0	0,0,0	1,0,0	0,0,0	0,0,0	0,0,0	0,0,0
0,0,0	0,0,0	0,0,0	0,0,0	0,0,0	2,0,0	0,0,0
0,0,0	0,0,0	1,0,0	0,0,0	0,0,1	0,0,0	0,0,0
0,0,0	0,0,0	1,4,0	0,0,0	0,0,0	0,0,0	0,0,0
0,5,0	0,0,0	0,0,0	0,0,0	0,0,0	0,0,0	0,0,0
0,0,0	0,0,0	3,0,0	0,0,0	0,0,0	0,0,0	0,0,0
0,0,0	0,0,0	2,0,0	0,0,0	0,0,0	0,0,0	0,0,0
0,0,0	0,0,0	0,0,0	0,2,0	0,0,0	0,0,0	0,0,0
0,0,0	0,0,0	1,0,0	0,0,0	0,0,0	0,0,0	0,0,0
0,0,0	0,0,0	0,1,0	0,0,0	0,0,0	0,0,0	0,0,0
0,0,0	0,0,0	0,0,0	1,0,0	0,0,0	0,0,0	0,0,0
0,0,0	0,0,0	0,0,0	3,0,0	0,0,0	0,0,0	0,0,0
0,0,0	0,0,0	0,3,0	0,0,0	0,0,0	0,0,0	0,0,0
0,0,0	0,0,0	0,0,0	1,0,0	0,0,0	0,0,0	0,0,0
0,0,0	0,0,0	1,0,0	0,0,0	0,0,0	0,0,0	0,0,0
0,0,0	0,0,0	0,0,0	1,0,0	0,0,0	0,0,0	0,0,0
0,0,0	0,0,1	0,0,0	0,0,0	0,0,0	0,0,0	0,0,0
1,0,0	0,0,0	0,0,0	0,0,0	0,0,0	0,0,0	0,0,0
0,0,0	0,0,0	0,0,0	0,0,0	7,0,0	0,0,0	0,0,0
0,0,0	0,0,0	0,0,0	0,0,0	0,0,0	1,5,3	0,0,0
0,0,0	0,0,2	0,0,0	0,0,0	0,0,0	0,0,0	0,0,0
0,0,1	0,0,0	0,0,0	0,0,0	0,0,0	0,0,0	0,0,0
0,0,0	0,0,0	0,0,0	0,0,1	0,0,0	0,0,0	0,0,0
0,0,0	1,0,0	0,0,0	0,0,0	0,0,0	0,0,0	0,0,0
0,0,0	0,0,0	0,0,0	0,0,0	1,0,0	0,0,0	0,0,0
0,0,0	0,0,0	0,0,0	0,0,0	0,0,2	0,0,0	0,0,0
0,0,0	0,0,0	0,0,0	0,0,0	0,0,0	0,0,1	0,0,0
0,0,0	0,0,0	0,0,0	0,0,0	0,0,1	0,0,0	0,0,0
0,0,0	0,0,1	0,0,0	0,0,0	0,0,0	0,0,0	0,0,0
0,0,0	0,0,0	0,0,0	0,0,0	0,0,0	0,0,0	1,0,0
0,0,0	1,0,0	0,0,0	0,0,0	0,0,0	0,0,0	0,0,0
0,0,0	0,0,0	0,0,0	0,0,0	0,0,0	3,0,0	0,0,0
0,0,0	0,0,0	0,0,0	0,0,0	0,0,1	0,0,0	0,0,0
0,0,0	0,0,1	0,0,0	0,0,0	0,0,0	0,0,0	0,0,0
1,0,0	0,0,0	0,0,0	0,0,0	0,0,0	0,0,0	0,0,0
0,0,0	0,0,0	0,0,0	0,0,0	1,0,0	0,0,0	0,0,0
0,0,0	0,0,0	0,0,0	0,0,0	0,0,0	0,0,1	0,0,0
0,0,0	0,2,0	8,0,0	0,0,0	0,0,0	0,0,0	0,0,0
0,0,0	0,0,0	0,0,0	0,0,0	0,0,0	0,0,0	1,0,0
0,0,0	0,0,0	0,0,0	0,0,0	0,0,0	0,0,1	0,0,0
0,0,0	0,0,0	0,0,0	0,0,0	0,0,0	6,0,0	0,0,0
0,0,0	0,0,0	0,0,0	0,0,0	0,0,0	4,0,0	0,0,0
0,0,0	0,0,0	0,0,0	0,0,0	0,0,0	1,0,0	0,0,0
0,0,0	0,0,0	0,0,0	0,0,0	0,0,1	0,0,0	0,0,0
0,0,0	0,0,0	0,0,0	0,0,0	0,0,0	0,0,1	0,0,0
0,0,0	0,0,0	0,0,0	0,0,0	0,0,0	0,0,2	0,0,0
0,0,0	0,0,0	0,0,0	0,0,0	0,0,1	0,0,0	0,0,0
0,0,0	0,0,0	0,0,0	0,0,0	0,0,0	0,0,1	0,0,0
0,0,0	0,1,0	0,0,0	0,0,0	0,0,0	0,0,0	0,0,0
0,0,0	0,0,0	0,0,0	0,0,0	0,0,0	0,0,1	0,0,0
0,0,0	0,0,0	0,0,0	0,0,0	0,0,0	0,0,0	0,0,1
0,0,0	0,0,0	0,0,0	0,0,0	3,0,0	0,0,0	0,0,0
0,0,0	0,0,0	0,0,0	0,0,5	0,0,0	0,0,0	0,0,0
0,0,0	0,0,0	0,0,0	0,0,0	0,0,1	0,0,0	0,0,0
0,0,0	0,0,0	0,0,0	0,0,0	0,0,3	0,0,0	0,0,0
0,0,0	0,0,0	4,0,0	0,0,0	0,0,0	0,0,0	0,0,0
0,0,0	0,0,0	0,0,0	6,0,0	0,0,0	0,0,0	0,0,0
0,0,0	0,0,0	0,0,0	0,0,0	0,0,0	0,0,0	5,0,0
0,0,0	0,0,0	0,0,0	0,0,0	0,0,0	1,0,0	0,0,0
0,0,0	0,0,0	0,0,0	0,0,2	0,0,0	0,0,0	0,0,0
0,0,0	0,0,0	0,0,0	0,0,0	0,0,0	0,9,1	0,0,0
0,0,0	0,0,0	0,0,0	0,0,0	0,0,0	0,0,0	0,2,0
0,0,2	0,0,0	0,0,0	0,0,0	0,0,0	0,0,0	0,0,0
0,0,1	0,0,0	0,0,1	0,0,0	0,0,0	0,0,0	0,0,0
0,0,0	0,2,0	0,0,0	0,0,0	0,0,0	0,0,0	0,0,0
0,0,0	0,0,0	0,0,0	0,0,0	0,0,0	0,0,0	1,0,0
0,0,0	0,0,0	0,0,0	0,0,0	0,0,0	1,0,0	0,0,0
4,0,0	0,0,0	0,0,0	0,0,0	0,0,0	0,0,0	0,0,0
0,0,0	0,0,0	0,0,0	6,0,0	0,0,0	3,0,0	0,0,0
0,0,0	0,0,0	0,0,0	0,0,0	0,0,0	0,1,0	0,0,0
0,0,0	0,0,0	0,0,0	3,0,0	0,0,0	0,0,0	0,0,0
0,0,0	0,1,0	0,0,0	0,0,0	0,0,0	0,0,0	0,0,0
0,1,0	0,0,0	0,0,0	0,0,0	0,0,0	0,0,0	0,0,0
0,0,0	0,0,0	0,0,0	0,0,0	1,0,0	0,0,0	0,0,0
0,0,0	0,1,0	0,0,0	0,0,0	0,0,0	0,0,0	0,0,0
0,0,0	0,0,0	0,1,0	0,0,0	0,0,0	0,0,0	0,0,0
0,0,0	0,0,0	0,0,0	1,0,0	0,0,0	0,0,0	0,0,0
0,0,0	0,0,0	0,0,0	0,0,0	6,0,0	0,0,0	0,0,0
3,0,0	0,0,0	0,0,0	0,0,0	0,0,0	0,0,0	0,0,0
0,0,0	0,0,0	0,1,0	0,0,0	0,0,0	0,0,0	0,0,0
0,0,0	0,0,0	1,0,0	0,0,0	0,0,0	0,0,0	0,0,0
0,0,0	0,0,0	0,0,0	0,0,0	2,0,0	0,0,0	0,0,0
0,3,0	0,0,0	0,0,0	0,0,0	0,1,0	0,0,0	0,0,0
0,0,0	0,0,0	0,0,0	1,0,0	0,0,0	0,0,0	0,0,0
0,0,0	0,0,0	0,1,0	0,0,0	0,0,0	0,0,0	0,0,0
0,0,0	0,0,0	3,1,1	0,0,0	0,0,0	0,0,0	0,0,0
0,0,0	0,0,0	0,0,0	0,0,0	0,0,1	0,0,0	0,0,0
0,0,1	0,0,0	0,0,3	0,0,0	0,0,0	0,0,0	0,0,0
0,0,0	0,0,0	0,0,0	0,0,1	0,0,0	0,0,0	0,0,0
0,0,0	0,0,0	0,0,4	0,0,0	0,0,0	0,0,0	0,0,0
0,0,0	0,0,0	0,0,1	0,0,0	0,0,0	0,0,0	0,0,0
0,0,0	0,0,0	3,1,0	0,0,0	0,0,0	0,0,0	0,0,0
0,0,0	0,0,1	0,0,0	0,0,0	0,0,0	0,0,0	0,0,0
0,0,0	0,0,0	0,0,0	2,0,0	0,0,0	0,0,0	0,0,0
0,0,0	3,0,0	0,0,0	0,0,0	0,0,0	0,0,0	0,0,0
0,0,0	0,0,0	1,0,2	0,0,0	0,0,0	0,0,0	0,0,0
0,0,2	0,0,0	0,0,0	0,0,0	0,0,0	0,0,0	0,0,0
0,6,0	0,0,0	0,0,0	0,0,0	0,0,0	0,0,0	0,0,0
0,0,0	0,0,1	0,0,0	0,0,0	0,0,0	0,0,0	0,0,0
0,0,0	0,0,0	7,0,0	0,0,0	0,0,0	0,0,0	0,0,0
0,0,0	0,0,0	0,0,2	0,0,0	0,0,0	0,0,0	0,0,0
0,0,0	0,0,0	0,0,1	0,0,0	0,0,0	0,0,0	0,0,0
0,0,0	0,0,5	0,0,0	6,0,0	0,0,0	0,0,0	0,0,0
0,1,0	0,0,0	0,0,0	0,0,0	0,0,0	0,0,0	0,0,0
0,0,0	0,0,1	0,0,0	0,0,0	0,0,0	0,0,0	0,0,0
0,1,0	0,0,0	0,0,0	0,0,0	0,0,0	0,0,0	0,0,0
0,0,0	0,0,0	0,0,0	0,0,0	0,0,0	0,0,0	1,0,0
0,0,0	0,0,0	0,0,0	0,0,0	0,0,0	0,0,0	0,0,1
0,0,0	0,0,2	0,0,0	0,0,0	0,0,0	0,0,0	0,0,0
0,1,0	0,0,0	0,0,0	0,0,0	0,0,0	0,0,0	0,0,0
0,0,0	0,0,2	0,0,0	0,0,0	0,0,0	0,0,0	0,0,0
0,0,1	0,0,0	0,0,0	0,0,0	0,0,0	0,0,0	0,0,0
0,1,0	0,0,0	0,0,0	0,0,0	0,0,0	0,0,0	0,0,0
0,6,0	0,0,0	0,0,0	0,0,0	0,0,0	0,0,0	0,0,0
0,0,1	0,0,0	0,0,0	0,0,0	0,0,0	0,0,0	0,0,0
0,0,0	0,0,0	0,0,4	0,0,0	0,0,0	0,0,0	0,0,0
0,0,0	0,0,0	0,0,0	0,0,0	0,0,1	0,0,0	0,0,0
0,0,0	0,0,0	0,0,0	0,0,1	0,0,0	0,0,1	0,0,0
2,0,0	0,0,0	0,0,0	0,0,0	0,0,0	0,0,0	0,0,0
4,0,0	0,0,0	0,0,0	0,0,0	0,0,0	0,0,0	0,0,0
0,0,5	0,0,0	0,0,0	0,0,0	0,0,0	0,0,0	0,0,0
0,0,0	0,0,0	0,2,0	0,0,0	0,0,0	0,0,0	0,0,0
0,0,0	0,0,0	0,0,0	0,0,0	0,0,0	0,0,0	1,0,0
0,0,1	0,0,0	0,0,0	0,0,0	0,0,0	0,0,0	0,0,0
0,1,0	0,0,0	0,0,0	0,0,0	0,0,0	0,0,0	0,0,0
0,0,0	0,0,1	0,0,0	0,0,0	0,0,0	0,0,0	0,0,0
0,0,7	0,0,0	0,0,0	0,0,0	0,0,0	0,0,0	0,0,0
0,0,0	0,0,4	0,0,0	0,0,0	0,0,0	0,0,0	0,0,0
0,0,0	0,0,0	4,0,0	0,0,0	0,0,0	0,0,0	0,0,0
1,0,0	0,0,0	0,0,0	0,0,0	0,0,0	0,0,0	0,0,0
0,0,0	0,0,0	0,0,0	1,0,0	0,0,0	0,0,0	0,0,0
0,0,0	0,0,0	0,2,0	0,0,0	0,0,0	0,0,0	0,0,0
0,0,0	0,0,0	3,0,0	0,0,0	0,0,0	0,0,0	0,0,0
0,0,0	0,0,0	0,2,0	0,0,0	0,0,0	0,0,0	0,0,0
0,0,0	7,0,0	0,0,0	0,0,0	0,0,0	0,0,0	0,0,0
0,0,0	1,0,0	0,0,0	0,0,0	0,0,0	0,0,0	0,0,0
0,0,2	0,0,0	0,0,0	0,0,0	0,0,0	0,0,0	0,0,0
0,0,0	0,0,2	0,0,0	0,0,0	0,0,0	0,0,0	0,0,0
0,0,0	0,0,0	0,0,3	2,0,0	0,0,0	0,0,0	0,0,0
0,0,0	0,0,0	6,0,0	0,0,0	0,0,0	0,0,0	0,0,0
0,0,3	0,0,0	0,0,0	0,0,0	0,0,0	0,0,0	0,0,0
0,0,0	1,0,0	0,0,0	0,0,0	0,0,0	0,0,0	0,0,0
0,0,1	0,0,0	0,0,0	0,0,0	0,0,0	0,0,0	0,0,0
1,0,1	0,0,0	0,0,0	0,0,0	0,0,0	0,0,0	0,0,0
0,0,2	0,0,0	0,0,0	0,0,0	0,0,0	0,0,0	0,0,0
0,0,0	0,0,0	0,0,0	0,0,0	0,0,1	0,0,0	0,0,0
0,0,2	0,0,0	0,0,0	0,0,0	0,0,0	0,0,0	0,0,0
1,0,0	0,0,0	0,0,0	0,0,0	0,0,0	0,0,0	0,0,0
0,0,0	0,1,0	0,0,0	1,0,0	0,0,0	0,0,0	0,0,0
0,0,2	0,0,0	0,0,0	0,0,0	0,0,0	0,0,0	0,0,0
0,0,2	0,0,0	0,0,0	0,0,0	0,0,0	0,0,0	0,0,0
0,0,0	0,0,0	8,0,0	0,0,0	0,0,0	0,0,0	0,0,0
1,0,0	0,0,0	0,0,0	0,0,0	0,0,0	0,0,0	0,0,0
1,0,0	0,0,0	0,0,0	0,0,0	0,0,0	0,0,0	0,0,0
0,0,0	0,0,0	0,0,0	0,0,0	0,0,0	1,0,0	0,0,0
0,0,0	0,0,0	0,0,0	1,0,0	0,0,0	0,0,0	0,0,0
0,0,0	0,0,0	0,0,1	0,0,0	0,0,0	0,0,0	0,0,0
0,0,1	0,0,0	0,0,0	0,0,0	0,0,0	0,0,0	0,0,0
0,0,0	0,0,0	0,1,0	0,0,0	0,0,0	0,0,0	0,0,0
0,0,0	0,0,0	0,2,0	0,0,0	0,0,0	0,0,0	0,0,0
0,0,0	1,0,0	0,0,0	0,0,0	0,0,0	0,0,0	0,0,0
0,0,0	1,0,0	0,0,0	0,0,0	0,0,0	0,0,0	0,0,0
2,0,0	0,0,0	0,0,0	0,0,0	0,0,0	0,0,0	0,0,0
0,0,2	0,0,0	0,0,0	0,0,0	0,0,0	0,0,0	0,0,0
0,0,6	0,0,0	0,0,0	0,0,0	0,0,0	0,0,0	0,0,0
0,0,1	0,0,0	0,0,0	1,0,0	0,0,0	0,0,0	0,0,0
0,0,0	0,0,0	0,0,0	0,0,0	0,0,0	0,2,0	0,0,0
1,0,0	0,0,0	0,0,0	0,0,0	0,0,0	0,0,0	0,0,0
0,0,0	0,0,0	0,0,0	0,6,0	0,0,0	0,0,0	0,0,0
0,0,0	0,0,0	1,0,0	0,0,0	0,0,0	0,0,0	0,0,0
0,0,0	0,0,0	4,0,0	0,0,0	0,0,0	0,0,0	0,0,0
0,0,0	0,0,0	7,0,0	0,0,0	0,0,0	0,0,0	0,0,0
0,0,0	0,0,0	0,1,0	0,0,0	0,0,0	0,0,0	0,0,0
0,0,0	1,0,0	0,0,0	0,0,0	0,0,0	0,0,0	0,0,0
1,0,0	0,0,0	0,0,0	0,0,0	0,0,0	0,0,0	0,0,0
1,0,0	0,0,0	0,0,0	0,0,0	0,0,0	0,0,0	0,0,0
0,0,0	0,0,0	0,4,0	0,0,0	0,0,0	0,0,0	0,0,0
0,0,0	0,0,0	7,0,0	0,0,0	0,0,0	0,0,0	0,0,0
0,0,0	0,0,0	0,0,3	0,0,0	0,0,0	0,0,0	0,0,0
0,0,1	0,0,0	0,0,0	0,0,0	0,0,0	0,0,0	0,0,0
0,0,2	0,0,0	0,0,0	0,0,0	0,0,0	0,0,0	0,0,0
1,0,0	0,0,0	0,0,0	0,0,0	0,0,0	0,0,0	0,0,0
0,0,0	0,0,1	0,0,0	0,0,0	0,0,0	0,0,0	0,0,0
0,0,0	0,0,0	1,0,0	0,0,0	0,0,0	0,0,0	0,0,0
0,0,0	0,0,0	0,0,0	0,8,0	0,0,0	0,0,0	0,0,0
0,0,4	1,0,0	0,0,0	0,0,0	0,0,0	0,0,0	0,0,0
0,0,0	0,0,0	1,0,0	0,0,0	0,0,0	0,0,0	0,0,0
0,0,0	0,0,0	7,0,0	0,0,0	0,0,0	0,0,0	0,0,0
0,0,0	0,0,0	0,0,0	0,5,0	0,0,0	0,0,0	0,0,0
0,0,1	0,0,0	0,0,0	0,0,0	1,0,0	0,0,0	0,0,0
0,0,0	0,0,0	0,0,0	0,0,0	0,3,0	0,0,0	0,0,0
0,0,1	0,0,0	0,0,0	0,0,0	0,0,0	0,0,0	0,0,0
1,0,0	0,0,0	0,0,0	0,0,0	0,0,0	0,0,0	0,0,0
0,0,0	3,0,0	0,0,0	0,0,0	0,0,0	0,0,0	0,0,0
0,0,1	0,0,0	0,0,0	0,0,0	0,0,0	0,0,0	0,0,0
0,0,1	0,0,0	0,0,0	0,0,0	0,0,0	0,0,0	0,0,0
0,0,0	0,0,0	2,0,0	0,0,0	0,0,0	0,0,0	0,0,0
0,0,0	0,0,0	0,0,0	0,0,1	0,0,0	0,0,0	0,0,0
0,0,0	2,0,0	0,0,0	0,0,0	0,0,0	0,0,0	0,0,0
0,0,0	0,0,0	0,0,0	0,0,0	0,0,0	1,0,0	0,0,0
0,0,0	0,0,0	0,0,0	0,0,0	0,0,0	0,0,0	0,0,1
0,0,0	0,0,0	0,0,0	0,0,1	0,0,0	0,0,0	0,0,0
0,0,0	0,0,1	0,0,0	0,0,0	0,0,0	0,0,0	0,0,0
0,0,0	0,0,0	0,0,0	0,0,0	0,0,0	0,0,0	0,0,1
0,0,1	0,0,0	0,0,0	0,0,0	0,0,0	1,0,0	0,0,0
0,0,0	0,0,0	0,0,0	0,0,0	0,0,0	0,0,0	2,0,0
0,0,0	0,0,0	0,0,0	1,0,0	0,0,0	0,0,0	0,0,0
0,0,0	0,0,0	0,0,0	1,0,0	0,0,0	0,0,0	0,0,0
0,0,0	0,0,0	0,0,1	0,0,0	0,0,0	0,0,0	0,0,0
0,0,1	0,0,0	1,0,0	0,0,0	0,0,0	0,0,0	0,0,0
2,0,0	0,0,0	0,0,0	0,0,0	0,0,0	0,0,0	0,0,0
0,0,0	0,0,0	1,0,0	0,0,0	0,0,0	0,0,0	0,0,0
0,0,0	0,0,0	0,0,0	2,0,0	0,0,0	0,0,0	0,0,0
0,0,0	0,0,0	2,0,0	0,0,0	0,0,0	0,0,0	0,0,0
0,0,0	0,0,0	0,0,1	0,0,0	0,0,0	0,0,0	0,0,0
2,0,0	0,0,0	0,0,0	0,0,0	0,0,0	0,0,0	0,0,0
1,0,0	0,0,0	0,0,0	0,0,0	0,0,0	0,0,0	0,0,0
0,0,0	0,0,0	0,0,0	1,0,0	0,0,0	0,0,0	0,0,0
0,0,0	0,0,0	0,0,0	2,0,0	0,0,0	0,0,0	0,0,0
0,0,0	0,0,0	0,0,5	0,0,0	0,0,0	0,0,0	0,0,0
0,0,1	0,0,0	0,0,0	0,0,0	0,0,0	0,0,0	0,0,0
0,0,1	0,0,0	0,0,0	0,0,0	0,0,0	0,0,0	0,0,0
0,0,0	0,0,0	0,1,0	0,0,0	0,0,0	0,0,0	0,0,0
0,0,1	0,0,0	0,0,0	0,0,0	0,0,0	0,0,0	0,0,0
0,0,0	0,0,1	0,0,0	0,0,0	0,0,0	0,0,0	0,0,0
3,0,0	0,0,0	0,0,0	0,0,0	0,0,0	0,0,0	0,0,0
0,0,0	0,0,0	2,0,0	0,0,0	0,0,0	0,0,0	0,0,0
0,0,1	0,0,0	0,0,0	0,0,0	0,0,0	0,0,0	0,0,0
0,0,0	0,0,0	0,0,0	0,0,0	0,0,0	0,0,0	0,1,0
0,0,0	0,0,0	0,0,1	0,0,0	0,0,0	0,0,0	0,0,0
1,0,0	0,0,0	0,0,0	0,1,0	0,0,0	0,0,0	0,0,0
0,0,1	0,0,0	0,0,0	0,0,0	0,0,0	0,0,0	0,0,0
0,0,0	0,0,0	0,0,0	0,0,0	0,0,0	0,1,0	0,0,0
0,0,0	0,0,0	0,0,0	0,0,0	0,0,0	0,0,0	2,0,0
0,0,0	0,0,0	4,0,0	0,0,0	0,0,0	0,0,0	0,0,0
0,0,2	0,0,0	0,0,0	0,0,0	0,0,0	0,0,0	0,0,0
0,0,0	2,0,0	0,0,0	0,0,0	0,0,0	0,0,0	0,0,0
0,0,0	0,0,0	0,0,0	0,0,0	1,0,0	0,0,0	0,0,0
0,0,1	0,0,0	0,0,0	0,0,0	0,0,0	0,0,0	0,0,0
0,0,0	0,0,0	2,1,0	0,0,0	0,0,0	0,0,0	0,0,0
0,0,0	0,0,0	0,0,0	0,0,0	0,1,0	0,0,0	0,0,0
0,0,0	0,0,0	0,0,0	0,0,0	1,0,0	0,0,0	0,0,0
0,0,0	0,1,0	0,0,0	0,0,0	0,0,0	0,0,0	0,0,0
0,0,0	0,0,0	0,0,0	1,0,0	0,0,0	0,0,0	0,0,0
0,0,0	0,0,0	0,0,0	0,0,0	0,0,0	3,0,0	0,0,0
0,0,0	0,0,0	0,0,1	0,0,0	0,0,0	0,0,0	0,0,0
0,0,0	0,0,0	1,0,0	0,0,0	0,0,0	0,0,0	0,0,0
0,0,0	0,0,0	0,0,0	0,0,0	0,0,0	0,0,0	0,0,1
0,0,0	0,1,1	0,0,0	0,0,0	0,0,0	0,0,0	0,0,0
0,0,0	0,0,0	0,0,0	0,0,0	0,0,1	0,0,0	0,0,0
0,0,0	0,0,0	0,0,0	0,0,0	0,0,0	0,1,0	0,0,0
0,0,0	0,0,0	0,0,0	0,0,0	0,0,0	0,0,0	1,0,0
0,0,0	0,0,0	0,1,0	0,0,0	0,0,0	0,0,0	0,0,0
0,0,0	0,0,0	0,1,0	0,0,0	0,0,0	0,0,0	0,0,0
0,0,0	0,0,0	1,0,0	0,0,0	0,0,0	0,0,0	0,0,0
0,0,0	0,0,0	0,0,0	0,0,0	1,0,0	0,0,0	0,0,0
0,0,0	0,0,0	0,0,0	0,0,0	0,0,0	0,0,0	0,0,1
0,0,0	0,0,0	0,0,0	0,0,0	0,0,0	2,0,0	0,0,0
3,0,0	0,0,0	0,0,0	0,0,0	0,0,0	0,0,0	0,0,0
0,0,0	2,0,0	0,0,0	0,0,0	0,0,0	0,0,0	0,0,0
0,0,0	0,0,0	0,0,2	0,0,0	0,0,0	0,0,0	0,0,0
0,0,0	0,0,0	0,0,0	1,0,0	0,0,0	0,0,0	0,0,0
0,0,0	0,0,0	0,0,0	0,0,1	0,0,0	0,0,0	0,0,0
0,0,0	0,0,1	0,0,0	0,0,0	0,0,0	0,0,0	0,0,0
0,0,0	0,0,0	0,0,1	0,0,0	0,0,0	0,0,0	0,0,0
0,0,0	0,0,0	0,0,0	0,0,0	0,0,0	4,0,0	0,0,0
0,0,0	0,0,0	0,0,0	0,0,0	0,0,0	1,0,0	0,0,0
0,0,0	0,0,0	0,0,0	0,0,0	0,0,0	0,0,1	0,0,0
0,0,0	0,0,0	0,0,0	0,0,0	3,0,0	0,0,0	0,0,0
0,1,0	0,0,0	0,0,0	0,0,0	0,0,0	0,0,0	0,0,0
0,0,0	0,0,1	0,0,0	0,0,0	0,0,0	0,0,0	0,0,0
0,0,0	1,0,0	0,0,0	0,0,0	0,0,0	0,0,0	0,0,0
1,0,0	0,0,0	0,0,0	0,0,0	0,0,0	0,0,0	0,0,0
0,0,0	0,0,1	0,0,0	0,0,0	0,0,0	0,0,0	0,0,0
0,1,0	0,0,0	0,0,0	0,0,0	0,0,0	0,0,0	0,0,0
1,0,0	0,0,0	0,0,0	0,0,0	0,0,0	0,0,0	0,0,0
0,0,0	1,0,0	0,0,0	0,0,0	0,0,0	0,0,0	0,0,0
0,0,0	0,0,0	2,0,0	0,0,0	0,0,0	0,0,0	0,0,0
1,0,0	0,0,0	0,0,0	0,0,0	0,0,0	0,0,0	0,0,0
0,0,0	2,1,1	0,0,0	0,0,0	0,0,0	0,0,0	0,0,0
0,0,0	0,0,0	1,0,0	0,0,0	0,0,0	0,0,0	0,0,0
0,0,0	0,0,0	0,0,0	0,0,0	1,0,0	1,0,0	0,0,0
2,0,0	0,0,0	0,0,0	0,0,0	0,0,0	0,0,0	0,0,0
0,0,0	0,0,0	0,0,1	0,0,4	0,0,0	0,0,0	0,0,0
0,0,1	0,0,0	0,0,0	0,0,0	0,0,0	0,0,0	0,0,0
0,0,0	0,0,0	0,0,0	0,0,0	0,0,3	0,0,0	0,0,0
0,0,0	0,0,0	0,0,0	0,0,0	3,0,0	0,0,0	0,0,0
0,0,0	0,0,0	0,0,0	0,0,0	0,0,3	0,0,0	0,0,0
0,0,2	0,0,0	0,0,0	0,0,0	0,0,0	0,0,0	0,0,0
0,0,0	0,0,0	0,0,0	0,0,0	2,0,0	0,0,0	0,0,0
0,0,0	0,0,0	0,0,0	0,0,0	0,0,2	0,0,0	0,0,0
0,0,0	0,0,0	0,0,0	0,0,0	0,0,3	0,0,0	0,0,0
0,0,0	0,0,0	0,0,0	1,0,0	0,0,0	0,0,0	0,0,0
1,0,0	0,0,0	0,0,0	0,0,0	0,0,0	0,0,0	0,0,0
0,0,0	0,0,0	2,0,0	0,0,0	0,0,3	0,0,0	0,0,0
0,0,0	0,0,0	0,0,0	0,0,0	0,0,1	0,0,0	0,0,0
0,0,0	0,0,0	0,0,0	0,0,0	0,0,1	0,0,0	0,0,0
0,0,0	0,0,0	0,0,0	0,0,0	1,0,0	0,0,0	0,0,0
0,0,2	0,0,0	0,0,0	0,0,0	0,0,0	0,0,0	0,0,0
1,0,0	0,0,0	0,0,0	0,0,0	0,0,0	0,0,0	0,0,0
0,0,0	0,0,0	0,0,0	0,0,0	1,0,0	0,0,0	0,0,0
0,0,0	0,0,1	0,0,0	0,0,0	0,0,0	0,0,0	0,0,0
0,0,0	0,0,0	0,0,0	0,0,0	0,0,1	0,0,0	0,0,0
0,0,0	0,0,0	0,0,0	0,0,0	0,0,1	0,0,0	0,0,0
0,0,1	0,0,0	0,0,0	0,0,0	0,0,0	0,0,0	0,0,0
0,0,0	0,0,0	0,0,0	0,0,0	0,0,1	0,0,0	0,0,0
0,0,0	0,0,0	0,0,0	0,0,0	0,0,1	0,0,0	0,0,0
0,0,0	0,0,0	0,0,0	0,0,0	0,0,1	0,0,0	0,0,0
0,0,0	0,0,0	0,0,0	0,0,0	2,0,0	0,0,0	0,0,0
0,0,0	0,0,0	3,0,0	0,0,0	0,0,0	0,0,0	0,0,0
0,0,0	1,0,0	0,0,0	0,0,0	0,0,0	0,0,0	0,0,0
0,0,0	0,0,0	0,0,0	0,0,0	0,0,1	0,0,0	0,0,0
0,0,3	0,0,0	0,0,0	0,0,0	0,0,0	0,0,0	0,0,0
0,0,0	0,0,0	0,0,0	0,0,0	0,0,0	0,0,5	0,0,0
0,0,0	0,0,0	0,1,0	0,0,0	0,0,0	0,0,0	0,0,0
0,0,0	0,0,0	0,0,1	0,0,0	0,0,0	0,0,0	0,0,0
0,0,0	0,0,0	0,1,1	0,0,0	0,0,0	0,0,0	0,0,0
0,0,0	0,0,0	0,0,0	0,0,0	0,0,0	0,1,0	0,0,0
0,0,0	0,0,0	0,0,0	0,0,0	0,0,0	0,0,1	0,0,0
0,0,1	0,0,0	0,0,0	0,0,0	0,0,0	0,0,0	0,0,0
4,2,2	0,0,0	0,0,0	0,0,0	0,0,0	0,0,0	0,0,0
0,0,1	0,0,0	0,0,0	0,0,0	0,0,0	0,0,0	0,0,0
0,0,0	0,0,0	3,0,0	0,0,0	0,0,0	0,0,0	0,0,0
0,0,0	2,0,0	0,0,0	0,0,1	0,0,0	0,0,0	0,0,0
0,0,0	0,0,0	3,0,0	0,0,0	0,0,0	0,0,0	0,0,0
0,0,0	0,0,0	0,0,2	0,0,0	0,0,0	0,0,0	0,0,0
0,1,0	0,0,0	0,0,0	0,0,0	0,0,0	0,0,0	0,0,0
0,0,2	0,0,0	0,0,0	0,1,0	0,0,0	0,0,0	0,0,0
0,0,0	0,0,0	0,1,0	0,0,0	0,0,0	0,0,0	0,0,0
0,0,0	0,0,3	0,0,0	0,0,0	0,0,0	0,0,0	0,0,0
0,0,0	0,0,0	0,0,0	0,0,0	0,2,0	0,0,0	0,0,0
4,0,0	0,0,0	0,0,0	0,0,0	0,0,0	0,0,0	0,0,0
0,0,1	0,0,0	0,0,0	0,0,0	0,0,0	0,0,0	0,0,0
0,0,0	0,0,1	0,0,0	0,0,0	0,0,0	0,0,0	0,0,0
0,0,1	0,0,0	0,0,0	0,0,0	0,0,0	0,0,0	0,0,0
0,0,0	0,0,0	0,0,0	0,0,1	0,0,0	0,0,0	0,0,0
0,0,0	0,0,0	0,0,0	0,0,0	3,0,0	0,0,0	0,0,0
0,0,0	0,0,1	0,0,0	0,0,0	0,0,0	0,0,0	0,0,0
0,0,0	0,0,0	0,0,1	0,0,0	0,0,0	0,0,0	0,0,0
0,0,0	0,0,0	0,0,0	0,0,0	1,0,0	0,0,0	0,0,0
0,0,1	0,0,0	0,0,0	0,0,0	0,0,0	0,0,0	0,0,0
0,0,0	0,0,0	0,0,0	0,0,1	0,0,0	0,0,0	0,0,0
1,0,0	0,0,0	0,0,0	0,0,0	0,0,0	0,0,0	0,0,0
0,0,1	0,0,0	0,0,0	0,0,1	0,0,0	0,0,0	0,0,0
0,0,0	0,0,2	0,0,0	0,0,0	0,0,0	0,0,0	0,0,0
0,0,0	0,0,0	0,0,1	0,0,0	0,0,0	0,0,0	0,0,0
1,0,0	0,0,0	0,0,0	0,0,0	0,0,0	0,0,0	0,0,0
0,0,0	0,0,0	0,0,0	3,0,0	0,0,0	0,0,0	0,0,0
0,0,1	0,0,0	0,0,0	0,0,0	0,0,0	0,0,0	0,0,0
0,0,0	0,0,0	0,0,6	0,0,0	0,0,0	0,0,0	0,0,0
0,0,0	0,0,0	0,0,5	0,0,0	0,0,0	0,0,0	0,0,0
0,0,0	0,0,0	0,0,0	0,0,0	0,1,0	0,0,0	0,0,0
0,0,0	0,0,0	0,0,0	0,0,0	0,2,0	0,1,0	0,0,0
0,0,0	0,0,0	0,0,0	0,0,0	1,0,0	0,0,0	0,0,0
0,0,0	0,0,0	0,0,0	0,0,0	0,0,0	0,0,0	2,0,0
0,0,0	0,0,0	0,0,0	0,0,0	0,0,0	0,1,0	0,0,0
0,0,0	0,0,0	1,0,0	0,0,0	0,0,0	0,0,0	0,0,0
0,0,0	0,1,0	0,0,0	0,3,0	0,0,0	0,0,0	0,0,0
0,0,0	0,0,0	0,0,0	0,0,0	1,0,0	0,0,0	0,0,0
0,0,0	0,0,0	0,0,0	0,0,0	1,0,0	0,0,0	0,0,0
0,0,0	0,1,0	0,0,0	0,0,0	0,0,0	0,0,0	0,0,0
0,0,0	0,0,0	0,0,0	0,0,0	0,0,0	1,0,0	0,0,0
0,0,0	0,0,0	0,1,0	0,0,0	0,0,0	0,0,0	0,0,0
0,0,1	0,0,0	0,0,0	0,0,0	0,0,0	0,0,0	0,0,0
0,0,1	0,0,0	0,0,0	0,0,0	0,0,0	0,0,0	0,0,0
0,0,0	1,0,0	0,0,0	0,0,0	0,0,0	0,0,0	0,0,0
0,0,1	0,0,0	0,0,0	0,0,0	0,0,0	0,0,0	0,0,0
0,0,0	0,0,0	2,0,0	0,0,0	0,0,0	0,0,0	0,0,0
0,1,0	0,0,0	0,0,0	0,0,0	0,0,0	0,0,0	0,0,0
0,0,0	0,0,0	0,0,1	0,0,0	0,0,0	0,0,0	0,0,0
0,0,0	1,0,0	0,0,0	0,0,0	0,0,0	0,0,0	0,0,0
0,0,0	0,0,0	0,0,0	4,0,0	0,0,0	0,0,0	0,0,0
0,0,0	0,0,0	0,0,0	0,0,0	0,0,0	0,0,3	0,0,0
0,0,0	2,0,0	0,0,0	0,0,0	0,0,0	0,0,0	0,0,0
0,0,0	0,0,0	0,0,1	0,0,0	0,0,0	0,0,0	0,0,0
0,0,0	0,0,0	0,0,0	0,0,0	0,0,0	2,0,0	0,0,0
0,0,0	0,0,1	0,0,0	0,0,0	0,0,0	0,0,0	0,0,0
0,0,0	0,0,1	0,0,0	0,0,0	0,0,0	0,0,0	0,0,0
0,0,0	0,0,0	1,0,0	0,0,0	0,0,1	0,0,0	0,0,0
0,2,0	0,0,0	0,0,0	0,0,0	0,0,0	0,0,0	0,0,0
0,0,0	0,0,2	0,0,0	0,0,0	0,0,0	0,0,0	0,0,0
0,0,1	0,0,0	0,0,0	0,0,0	0,0,0	0,0,0	0,0,0
0,0,0	0,0,1	0,0,0	0,0,0	0,0,0	0,0,0	0,0,0
0,0,0	0,0,1	0,0,0	0,0,0	0,0,0	0,0,0	0,0,0
0,0,0	0,0,0	0,0,0	0,0,0	0,0,0	0,0,0	0,0,1
0,0,0	0,1,0	0,0,0	0,0,0	0,0,0	0,0,0	0,0,0
0,0,0	0,0,0	0,0,1	0,0,0	0,0,0	0,0,0	0,0,0
0,7,0	0,0,0	0,0,0	0,0,0	0,0,0	0,0,0	0,0,0
0,0,0	0,0,0	0,0,0	1,0,0	0,0,0	0,0,0	0,0,0
0,0,0	0,0,0	1,0,0	0,0,0	0,0,0	0,0,0	0,0,0
0,0,0	0,0,1	0,0,0	0,0,0	0,0,0	0,0,0	0,0,0
0,0,0	0,0,0	0,0,0	0,0,0	0,0,1	0,0,0	0,0,0
0,0,0	0,0,0	0,0,0	0,0,0	0,0,0	0,0,0	0,0,1
0,0,0	0,0,0	0,0,1	0,0,0	0,0,0	0,0,0	0,0,0
0,0,0	0,0,0	0,0,1	1,0,0	0,0,0	0,0,0	0,0,0
0,0,0	0,0,0	0,0,0	0,0,0	0,0,0	0,0,0	0,2,0
0,0,0	1,0,0	0,0,0	0,0,0	0,0,0	0,0,0	0,0,0
0,0,0	0,0,0	0,0,0	0,0,0	0,0,0	0,0,0	0,2,0
0,0,0	0,0,0	0,0,0	0,0,0	0,0,0	3,0,0	0,0,0
0,0,0	0,0,0	1,0,0	0,0,0	0,0,0	0,0,0	0,0,0
0,0,0	0,0,0	0,0,0	0,0,0	0,0,0	0,2,0	0,0,0
0,0,0	0,0,0	0,0,0	0,0,0	0,0,0	3,0,0	0,0,0
0,0,0	0,0,0	0,0,0	0,0,1	0,0,0	0,0,0	0,0,0
0,0,0	0,0,0	0,0,0	0,0,0	0,0,1	0,0,0	0,0,0
0,0,0	0,0,0	0,0,1	0,0,0	0,0,0	0,0,0	0,0,0
0,0,0	0,0,0	0,0,0	0,0,0	0,0,0	0,0,0	0,0,1
0,0,0	0,0,0	0,0,4	0,0,0	0,0,0	0,0,0	0,0,0
0,0,0	0,0,0	0,0,0	0,0,0	1,0,0	0,0,0	0,0,0
0,0,0	0,0,0	0,0,0	0,0,0	0,0,0	1,0,0	0,0,0
0,0,0	0,0,0	2,0,0	0,0,0	0,0,0	0,0,0	0,0,0
0,0,0	0,0,0	0,0,1	0,0,0	0,0,0	0,0,0	0,0,0
0,0,0	0,0,0	0,0,0	0,2,0	0,0,0	0,0,0	0,0,0
0,0,0	0,0,0	1,0,0	0,0,0	0,0,0	0,0,0	0,0,0
0,0,0	0,0,0	0,0,1	0,0,0	0,0,0	0,0,0	0,0,0
0,0,0	0,0,0	0,0,0	0,0,0	0,0,1	0,0,0	0,0,0
0,0,0	0,0,0	0,0,0	4,0,0	0,0,0	0,0,0	0,0,0
0,0,0	1,0,0	0,0,0	0,0,0	0,0,0	0,0,0	1,0,0
2,1,0	0,0,0	0,0,0	0,0,0	0,0,0	0,0,0	0,0,0
0,1,0	0,0,0	0,0,0	0,0,0	0,0,0	0,0,0	0,0,0
1,0,0	0,0,0	0,0,0	0,0,0	0,0,0	0,0,0	0,0,0
0,0,0	0,0,0	1,0,0	0,0,0	0,0,0	0,0,0	0,0,0
0,0,0	0,1,0	0,0,0	0,0,0	0,0,0	0,0,0	0,0,0
1,0,0	0,0,0	0,0,0	0,0,0	0,0,0	0,0,0	0,0,0
0,0,0	2,0,0	0,0,0	0,0,0	0,0,0	0,0,0	0,0,0
1,0,0	0,0,0	0,0,0	0,0,0	0,0,0	0,0,0	0,0,0
0,0,0	0,0,0	1,0,0	0,0,0	0,0,0	0,0,0	0,0,0
0,1,0	0,0,0	0,0,0	0,0,0	0,0,0	0,0,0	0,0,0
0,0,0	1,0,0	0,0,0	0,0,0	0,0,0	0,0,0	0,0,0
0,1,0	0,0,0	0,0,0	0,0,0	0,0,0	0,0,0	2,0,0
0,0,0	1,0,0	0,0,0	0,0,0	0,0,0	0,0,0	0,0,0
0,0,0	0,0,0	0,0,0	0,0,1	0,0,0	0,0,0	0,0,0
0,0,0	0,0,0	1,0,0	0,0,0	0,0,0	0,0,0	0,0,0
0,0,0	0,0,0	0,0,0	0,0,1	0,0,0	0,0,0	0,0,0
0,0,0	1,0,0	0,0,0	0,0,0	0,0,0	0,0,0	0,0,0
0,0,0	0,0,0	0,0,1	0,0,0	0,0,0	0,0,0	0,0,0
0,0,0	0,0,0	0,0,0	0,0,2	0,0,0	0,0,0	0,0,0
0,0,1	0,0,0	0,0,0	0,0,0	0,0,0	0,0,0	0,0,0
0,0,0	0,0,0	0,0,0	0,2,0	0,0,0	0,0,0	0,0,0
2,0,0	0,0,0	0,0,0	0,0,0	0,0,0	0,1,0	0,0,0
1,0,0	0,0,0	0,0,0	0,0,0	0,0,0	0,0,0	0,0,0
0,0,0	0,0,0	0,0,0	0,0,1	0,0,0	0,0,0	0,0,0
0,0,0	0,0,0	1,0,0	0,0,0	0,0,0	0,0,0	0,0,0
0,0,0	3,1,0	0,0,0	0,0,0	0,0,0	0,0,0	0,0,0
4,0,0	0,0,0	0,0,0	0,0,0	0,0,0	0,0,0	0,0,0
1,0,0	0,0,0	0,0,0	0,0,0	0,0,0	0,0,0	0,0,0
0,0,0	0,0,0	0,0,0	2,0,0	0,0,0	0,0,0	0,0,0
0,0,0	0,0,0	0,0,0	0,0,0	0,0,0	0,2,0	0,0,0
0,0,0	0,1,0	0,0,0	0,0,0	0,0,0	0,0,0	0,0,0
0,0,0	0,0,0	0,0,0	0,0,0	0,0,0	1,0,0	0,0,0
0,0,0	0,0,0	0,1,0	0,0,0	0,0,0	0,0,0	0,0,0
0,0,0	0,0,0	0,0,0	0,0,0	0,0,0	2,0,0	0,0,0
0,0,0	0,0,0	0,1,0	0,0,0	0,0,0	0,0,0	0,0,0
0,0,0	0,0,0	0,0,0	0,1,0	0,0,0	0,0,0	0,0,0
0,0,0	0,0,0	0,0,0	0,0,0	1,0,0	0,0,0	0,0,0
0,0,0	0,0,0	0,0,0	0,0,0	0,1,0	0,0,0	0,0,0
0,0,0	0,0,0	0,0,0	1,0,0	0,0,0	0,0,0	0,0,0
0,0,0	0,0,0	0,0,0	0,2,0	0,0,0	0,0,0	0,0,0
0,0,0	0,0,0	0,0,0	1,0,0	2,0,0	0,0,0	0,0,0
0,0,0	0,0,0	0,0,0	0,8,0	0,0,0	0,0,0	0,0,0
0,0,0	0,0,0	0,1,0	0,0,0	0,0,0	0,0,0	0,0,0
0,0,0	0,0,0	0,0,0	5,0,0	0,0,0	0,0,0	0,0,0
0,0,0	0,0,1	0,0,0	0,0,0	0,0,0	0,0,0	0,0,0
0,0,0	0,0,0	2,0,0	0,0,0	0,0,0	0,0,0	0,0,0
0,0,0	0,0,0	0,0,0	0,0,0	1,0,0	0,0,0	0,0,0
0,0,0	0,0,0	0,0,0	0,0,0	0,0,0	1,0,0	0,0,0
0,0,0	0,0,0	0,0,0	0,0,0	3,0,0	0,0,0	0,0,0
0,0,0	0,0,0	0,7,0	0,0,0	0,0,0	0,0,0	0,0,0
0,0,0	0,0,0	0,0,0	0,0,0	1,0,0	0,0,0	0,0,0
0,0,0	0,0,0	0,0,0	0,0,0	0,2,0	0,0,0	0,0,0
0,0,0	0,0,0	0,0,0	0,0,0	0,0,0	0,1,0	0,0,0
0,0,0	0,0,0	0,0,0	0,1,0	0,3,0	0,0,0	0,0,0
0,0,0	0,0,0	0,0,0	0,0,0	0,1,0	0,0,0	0,0,0
0,0,0	0,0,0	0,0,0	0,0,0	0,1,0	0,0,0	0,0,0
0,0,0	0,0,0	0,0,0	0,0,0	0,0,0	0,1,0	0,0,0
0,0,0	0,0,0	0,0,0	0,0,0	1,0,0	0,0,0	0,0,0
0,0,0	0,0,0	0,0,0	0,1,0	0,0,0	0,0,0	0,0,0
0,0,0	0,0,0	0,1,0	0,0,0	0,0,0	0,0,0	0,0,0
0,0,0	0,0,0	0,0,0	0,0,0	0,1,0	0,0,0	0,0,0
0,0,0	0,0,0	0,0,0	0,0,0	1,0,0	0,0,0	0,0,0
0,0,0	0,0,0	0,0,0	0,0,0	1,0,0	0,0,0	0,0,0
0,0,0	0,0,0	0,0,0	0,0,0	0,1,0	0,0,0	0,0,0
0,0,0	0,0,0	0,1,0	0,0,0	0,0,0	0,0,0	0,0,0
0,0,0	0,0,0	0,0,0	0,0,0	0,0,0	1,0,0	0,0,0
0,0,0	0,1,0	0,0,0	0,0,0	0,0,0	0,0,0	0,0,0
0,0,0	0,0,0	0,0,0	0,1,0	0,0,0	0,0,0	0,0,0
0,0,0	0,0,0	0,0,0	1,0,0	0,0,0	0,0,0	0,0,0
0,0,0	0,0,0	0,0,0	0,4,0	0,0,0	0,0,0	0,0,0
0,0,0	0,0,0	0,0,0	0,0,0	0,0,0	2,1,1	0,0,0
0,0,0	0,0,0	0,0,0	0,1,0	0,0,0	0,0,0	0,0,0
0,0,0	0,0,0	0,0,0	0,0,0	0,1,0	0,0,0	0,0,0
0,0,0	0,1,0	0,0,0	0,0,0	0,0,0	0,0,0	0,0,0
0,1,0	0,0,0	0,0,0	0,0,0	0,0,0	0,0,0	0,0,0
0,0,0	0,0,0	0,0,0	0,1,0	0,0,0	0,0,0	0,0,0
0,0,0	0,0,0	0,0,0	0,0,0	0,0,0	0,1,0	0,0,0
0,0,0	0,0,0	0,0,0	0,0,0	0,0,0	0,1,0	0,0,0
0,0,0	0,0,0	0,0,0	1,0,0	0,0,0	0,0,0	0,0,0
0,0,0	0,0,0	0,0,0	1,0,0	0,0,0	0,0,0	0,0,0
0,0,0	0,0,0	0,0,0	0,0,0	0,0,0	0,3,0	0,0,0
0,0,0	0,0,0	0,0,0	0,1,0	0,0,0	0,0,0	0,0,0
0,0,0	0,0,0	0,0,0	0,0,0	0,0,0	0,0,0	0,0,1
0,0,0	0,0,0	0,0,0	0,0,0	0,0,0	1,0,0	0,0,0
0,0,0	0,0,0	0,0,0	0,0,0	0,0,0	0,1,0	0,0,0
0,0,0	2,0,0	0,0,0	0,0,0	0,0,0	0,0,0	0,0,0
0,0,0	0,0,0	0,0,0	0,2,0	0,0,0	0,0,0	0,0,0
0,0,0	0,0,0	0,1,0	0,0,0	0,0,0	0,0,0	0,0,0
0,0,0	0,0,0	0,0,0	0,1,0	0,0,0	0,0,0	0,0,0
0,0,0	0,0,0	0,1,0	0,0,0	0,0,0	0,0,0	0,0,0
0,0,0	0,0,0	0,0,0	0,0,0	0,0,0	0,1,0	0,0,0
0,0,0	0,0,0	0,0,0	0,0,0	0,0,0	2,0,0	0,0,0
0,0,0	3,0,0	0,0,0	0,0,0	0,0,0	0,0,0	0,0,0
0,1,0	0,0,0	0,0,0	0,0,0	0,0,0	0,0,0	0,0,0
0,0,0	0,0,0	0,0,0	1,0,0	0,0,0	0,0,0	0,0,0
0,0,0	0,0,0	0,0,0	0,0,0	1,0,0	0,0,0	0,0,0
0,0,0	0,0,0	0,0,0	0,0,0	0,0,0	1,0,0	0,0,0
0,0,0	0,0,0	0,0,0	0,0,0	0,0,0	0,1,0	0,0,0
0,0,0	0,0,0	1,0,0	0,0,0	0,0,0	0,0,0	0,0,0
0,0,0	0,0,0	0,0,0	0,0,0	0,0,0	0,1,0	0,0,0
0,0,0	0,0,0	0,0,0	0,0,0	0,0,0	0,1,0	0,0,0
0,1,0	0,0,0	0,0,0	0,0,0	0,0,0	0,0,0	0,0,0
0,0,0	0,0,0	0,0,0	1,0,0	0,0,0	0,0,0	0,0,0
0,0,0	0,0,0	0,0,0	0,0,0	0,0,0	0,1,0	0,0,0
0,1,0	0,0,0	0,0,0	0,0,0	0,0,0	0,0,0	0,0,0
0,0,0	0,0,0	0,0,0	0,0,0	0,0,0	0,2,0	0,0,0
0,1,0	0,0,0	0,0,0	0,0,0	0,0,0	0,0,0	0,0,0
0,2,0	0,0,0	0,0,0	0,0,0	0,0,0	0,0,0	0,0,0
0,0,0	0,0,0	1,0,0	0,0,0	0,0,0	1,0,0	0,0,0
0,0,0	0,0,0	0,0,0	0,0,0	0,0,0	0,0,0	0,0,1
0,0,0	0,0,0	0,0,0	0,0,0	0,1,0	0,0,0	0,0,0
1,0,0	0,0,0	0,0,0	0,0,0	0,0,0	0,0,0	0,0,0
0,0,0	1,0,0	0,0,0	0,0,0	0,0,0	0,0,0	0,0,0
0,0,0	0,0,0	0,1,0	0,0,0	0,0,0	0,0,0	0,0,0
0,0,0	0,0,0	0,0,0	1,0,0	0,0,0	0,0,0	0,0,0
0,0,0	0,0,0	0,0,0	1,0,0	0,0,0	0,0,0	0,0,0
0,0,0	0,0,0	0,0,0	2,0,0	0,0,0	0,0,0	0,0,0
0,0,0	0,0,0	0,0,0	0,0,0	0,1,0	0,0,0	0,0,0
0,0,0	0,0,0	0,0,0	0,0,0	0,0,0	1,0,0	0,0,0
0,0,0	0,0,2	0,0,0	0,0,0	0,0,0	0,0,0	0,0,0
0,0,0	0,0,0	0,0,0	0,0,0	0,0,0	3,0,0	0,0,0
0,2,0	0,0,0	0,0,0	0,0,0	0,0,0	0,0,0	0,0,0
0,0,0	0,0,0	0,1,0	0,0,0	0,0,0	0,0,0	0,0,0
0,0,0	0,0,0	0,0,0	0,0,0	0,1,0	0,0,0	0,0,0
0,1,0	0,0,0	0,0,0	0,0,0	0,0,0	0,0,0	0,0,0
0,0,0	0,0,0	1,0,0	0,0,0	0,0,0	0,0,0	0,0,0
0,1,0	0,0,0	0,0,0	0,0,0	0,0,0	0,0,0	0,0,0
0,1,0	0,0,0	0,0,0	0,0,0	0,0,0	0,0,0	0,0,0
0,0,0	0,0,0	0,0,0	0,0,0	0,0,0	1,0,0	0,0,0
0,0,0	0,0,0	0,0,0	0,1,0	0,0,0	0,0,0	0,0,0
0,0,0	0,0,0	1,0,0	0,0,0	0,0,0	0,0,0	0,0,0
0,0,0	0,0,0	0,0,0	0,1,0	0,0,0	0,0,0	0,0,0
0,0,0	1,0,0	0,0,0	0,0,0	0,0,0	0,0,0	0,0,0
1,0,0	0,0,0	0,0,0	0,0,0	0,0,0	0,0,0	0,0,0
0,1,0	0,0,0	0,0,0	0,0,0	0,0,0	0,0,0	0,0,0
0,0,0	0,0,0	0,0,0	0,0,0	0,0,0	0,1,0	0,0,0
0,0,0	0,0,0	0,0,0	1,0,0	0,0,0	0,0,0	0,0,0
1,0,0	0,0,0	0,0,0	0,0,0	0,0,0	0,0,0	0,0,0
1,0,0	0,0,0	0,0,0	0,0,0	0,0,0	0,0,0	0,0,0
0,0,0	0,0,0	0,0,0	0,1,0	0,0,0	0,0,0	0,0,0
0,0,0	0,0,0	0,1,0	0,0,0	0,0,0	0,0,0	0,0,0
0,0,0	2,0,0	0,0,0	0,0,0	0,0,0	0,0,0	0,0,0
0,1,0	0,0,0	0,0,0	0,0,0	0,0,0	0,0,0	0,0,0
0,0,0	0,0,0	0,0,0	0,0,0	2,0,0	0,0,0	0,0,0
0,1,0	0,0,0	0,0,0	0,0,0	0,0,0	0,0,0	0,0,0
1,0,0	0,0,0	0,0,0	0,0,0	0,0,0	0,0,0	0,0,0
1,0,0	0,0,0	0,0,0	0,0,0	0,0,0	0,0,0	0,0,0
0,0,0	0,0,1	0,0,0	0,0,0	0,0,0	0,0,0	0,0,0
0,0,0	0,0,0	0,0,0	0,0,0	0,0,0	0,1,0	0,0,0
0,1,0	0,0,0	0,0,0	0,0,0	0,0,0	0,0,0	0,0,0
0,0,0	0,0,3	0,0,0	0,0,0	0,0,0	0,0,0	0,0,0
0,0,0	0,0,0	0,0,0	0,0,0	0,0,0	0,0,0	0,1,0
0,0,0	0,0,0	0,0,0	0,0,0	0,0,0	0,0,4	0,0,0
0,0,0	0,0,0	0,0,0	0,0,0	0,0,0	1,0,0	0,0,0
0,0,0	5,0,0	0,0,0	0,0,0	0,0,0	0,0,0	0,0,0
0,0,0	0,0,0	0,0,0	1,0,0	0,0,0	0,0,0	0,0,0
0,0,0	1,2,0	0,0,0	0,0,0	0,0,0	0,0,0	0,0,0
0,0,0	0,0,0	0,1,0	0,0,0	0,0,0	0,0,0	0,0,0
0,0,0	0,0,0	0,0,0	0,0,0	0,0,0	0,0,0	0,2,0
0,0,0	0,0,0	0,0,0	0,0,0	0,0,0	0,0,1	0,0,0
1,0,0	0,0,0	0,0,0	0,0,0	0,0,0	0,0,0	0,0,0
0,0,0	0,0,0	0,0,0	0,0,2	0,0,0	0,0,0	0,0,0
0,0,0	0,0,0	0,0,0	3,0,0	0,0,0	0,0,0	0,0,0
0,0,0	1,0,0	0,0,0	0,0,0	0,0,0	0,0,0	0,0,0
0,0,0	0,0,0	0,0,0	0,0,0	0,0,0	0,0,0	0,0,1
0,0,0	0,0,0	0,0,0	1,0,0	0,0,0	0,0,0	0,0,0
0,0,0	0,0,0	0,0,0	0,0,0	0,0,0	0,0,0	1,0,0
0,0,0	0,0,0	0,0,0	0,0,0	0,0,0	0,0,0	1,0,0
0,0,0	0,0,0	0,0,0	0,0,0	0,0,0	0,0,0	0,0,1
0,2,0	0,0,0	0,0,0	0,0,0	0,0,0	0,0,0	0,0,0
0,0,0	0,0,0	1,0,0	0,0,0	0,0,0	0,0,0	0,0,0
1,0,0	0,1,0	0,0,0	0,0,0	0,0,0	0,0,0	0,0,0
0,0,0	0,1,0	0,0,0	0,0,0	0,0,0	0,0,0	0,0,0
0,0,0	0,0,0	0,1,0	0,0,0	0,0,0	0,0,0	0,0,0
0,0,0	0,0,0	0,0,0	0,0,0	0,0,0	0,0,0	0,0,1
0,0,0	1,0,0	0,0,0	0,0,0	0,0,0	0,0,0	0,0,0
0,0,0	0,0,0	0,1,0	0,0,0	0,0,0	0,0,0	0,0,0
0,0,0	0,0,0	0,2,0	0,0,0	0,0,0	0,0,0	0,0,0
0,0,0	0,1,1	0,0,0	0,0,0	0,0,0	0,0,0	0,0,0
0,0,0	0,0,0	0,0,0	0,0,0	0,0,0	0,0,0	2,0,0
0,0,0	0,0,0	0,0,0	0,0,1	0,0,0	0,0,0	0,0,0
1,0,0	0,0,0	0,0,0	0,0,0	0,0,0	0,0,0	0,0,0
0,0,0	0,0,0	0,0,0	0,0,0	0,0,0	0,0,0	1,0,0
0,0,0	0,0,0	0,0,0	0,0,1	0,0,0	0,0,0	0,0,0
0,0,0	0,0,0	2,0,0	0,0,0	0,0,0	0,0,0	0,0,0
0,0,0	0,0,0	0,0,0	0,1,0	0,0,0	0,0,0	0,3,0
0,0,0	0,0,0	0,0,0	1,0,0	0,0,0	0,0,0	0,0,0
0,0,0	0,0,0	0,0,0	0,0,0	0,0,0	0,0,0	0,0,2
1,0,0	0,0,0	0,0,0	0,0,0	0,0,0	0,0,0	0,0,0
0,0,0	0,0,0	0,0,0	0,0,0	0,0,0	0,0,0	0,1,0
0,0,0	0,0,0	0,0,0	0,0,0	0,0,0	0,0,0	0,2,0
0,0,0	0,0,0	0,0,0	0,0,0	0,1,0	0,0,0	0,0,0
0,0,0	0,0,0	0,0,0	0,0,0	0,0,0	0,0,0	1,0,0
0,1,0	0,0,0	0,0,0	0,0,0	0,0,0	0,0,0	0,0,0
0,0,0	0,0,0	0,0,0	0,0,0	0,0,0	0,0,0	0,1,0
0,0,0	0,0,0	0,0,0	0,0,0	0,0,0	0,0,0	1,0,0
0,0,0	0,0,0	0,0,0	0,0,1	0,0,0	0,0,0	0,0,0
0,0,0	0,0,0	0,0,0	0,0,0	0,0,0	0,0,0	2,0,0
0,0,0	0,0,0	0,0,0	0,0,0	0,0,0	0,0,0	0,1,0
0,0,0	0,0,0	0,0,0	0,1,1	0,0,0	0,0,0	0,0,0
0,0,0	0,0,0	0,0,0	0,0,1	0,0,0	0,0,0	0,0,0
0,0,0	0,0,0	0,0,0	0,0,0	0,0,0	0,1,0	0,0,0
0,0,1	0,0,0	0,0,0	0,0,0	0,0,0	0,0,0	0,0,0
0,0,0	0,0,0	0,3,0	0,0,0	0,0,0	0,0,0	0,0,0
0,0,0	0,0,0	0,1,0	0,0,0	0,0,0	0,0,0	0,0,0
0,0,0	0,0,0	0,0,0	0,0,0	0,0,0	1,0,0	0,0,0
0,0,0	0,0,0	0,1,0	0,0,0	0,0,0	0,0,0	0,0,0
0,0,0	0,0,0	0,1,0	0,0,0	0,0,0	0,0,0	0,0,0
0,0,0	1,0,0	0,0,0	0,0,0	0,0,0	0,0,0	0,0,0
0,0,0	1,0,0	0,0,0	0,0,0	0,0,0	0,0,0	0,0,0
0,0,0	0,1,0	0,0,0	0,0,0	0,0,0	0,0,0	0,0,0
0,0,0	0,0,0	0,0,0	0,1,0	0,0,0	0,0,0	0,0,0
0,0,0	0,0,0	0,1,0	0,0,0	0,0,0	0,0,0	0,0,0
0,0,0	0,0,0	0,0,0	0,3,0	0,0,0	0,0,0	0,0,0
0,0,0	0,0,0	0,1,0	0,0,0	0,0,0	0,0,0	0,0,0
0,0,0	0,0,0	0,0,0	1,0,0	0,0,0	0,0,0	0,0,0
0,0,0	0,1,0	0,0,0	0,0,0	0,0,0	0,0,0	0,0,0
0,0,0	0,0,0	0,0,0	0,1,0	0,0,0	0,0,0	0,0,0
0,0,0	1,0,0	0,0,0	0,0,0	0,0,0	0,0,0	0,0,0
0,0,0	0,0,0	0,0,0	0,2,0	0,0,0	0,0,0	0,0,0
0,0,0	0,1,0	0,0,0	0,0,0	0,0,0	0,0,0	0,0,0
0,0,0	0,1,0	0,0,0	0,0,0	0,0,0	0,0,0	0,0,0
0,0,0	0,0,0	0,1,0	0,0,0	0,0,0	0,0,0	0,0,0
0,0,0	0,0,0	0,0,0	0,1,0	0,0,0	0,0,0	0,0,0
0,0,0	0,0,0	0,0,0	0,1,0	0,0,0	0,0,0	0,0,0
0,0,0	0,1,0	0,0,0	0,0,0	0,0,0	0,0,0	0,0,0
0,0,0	0,0,0	0,1,0	0,0,0	0,0,0	0,0,0	0,0,0
0,0,0	0,0,0	1,0,0	0,0,0	0,0,0	0,0,0	0,0,0
0,0,0	0,0,0	0,1,0	0,0,0	0,0,0	0,0,0	0,0,0
0,0,0	0,0,0	0,0,0	0,0,0	0,0,0	0,0,3	0,0,0
0,0,0	0,0,0	0,1,0	0,0,0	0,0,0	0,0,0	0,0,0
0,0,0	0,0,0	0,0,0	0,8,0	0,0,0	0,0,0	0,0,0
0,0,0	0,0,0	0,0,0	0,0,0	0,0,0	0,0,1	0,0,0
0,0,0	0,0,0	0,0,0	0,0,0	0,0,0	0,0,0	1,0,0
0,0,0	0,0,0	0,0,0	0,1,0	0,0,0	0,0,0	0,0,0
0,0,0	0,0,0	0,0,0	0,0,0	0,0,0	1,0,0	0,0,0
0,0,0	0,0,0	0,0,0	0,0,0	0,0,0	1,0,0	0,0,0
0,0,0	0,0,0	0,0,0	0,1,0	0,0,0	0,0,0	0,0,1
0,0,0	0,0,0	0,0,0	0,0,0	0,0,0	1,0,0	0,0,0
1,0,0	0,0,0	0,0,0	0,0,0	0,0,0	0,0,0	0,0,0
0,0,0	0,0,1	0,0,0	0,0,0	0,0,0	0,0,0	0,0,0
0,0,1	0,0,0	0,0,0	0,0,0	0,0,0	0,0,0	0,0,0
0,0,0	0,0,0	0,0,0	0,0,0	0,0,0	0,0,0	0,0,1
0,0,0	0,0,0	0,0,0	1,0,0	0,0,0	0,0,0	0,0,0
0,0,1	0,0,0	0,0,0	0,0,0	0,0,0	0,0,0	0,0,0
0,0,0	1,0,0	0,0,0	0,0,0	0,0,0	0,0,0	0,0,0
0,0,0	0,0,0	0,0,0	0,0,0	0,0,0	0,0,0	1,0,0
0,0,0	0,0,0	0,0,0	0,1,0	0,0,0	0,0,0	0,0,0
0,0,0	0,0,0	0,0,0	0,1,0	0,0,0	0,0,0	0,0,0
0,0,0	1,0,0	0,0,0	0,0,0	0,0,0	0,0,0	0,0,0
0,0,0	0,0,0	0,0,0	0,2,0	0,0,0	0,0,0	0,0,0
0,0,0	0,0,0	0,0,0	0,0,0	0,0,0	0,5,0	0,0,0
0,0,0	0,0,0	0,0,0	4,0,0	0,0,0	0,0,0	0,0,0
0,0,0	0,0,0	0,0,0	0,0,0	0,0,0	0,3,1	0,0,0
0,0,0	0,0,0	0,0,0	0,0,0	0,0,0	0,2,1	0,0,0
0,0,1	0,0,0	0,0,0	0,0,0	0,0,0	0,0,0	0,0,0
0,0,0	0,0,1	0,0,0	0,0,0	0,0,0	0,0,0	0,0,0
0,0,0	0,0,1	0,0,0	0,0,0	0,0,0	0,0,0	0,0,0
0,0,1	0,0,0	0,0,0	0,0,0	0,0,0	0,0,0	0,0,0
0,0,0	0,0,0	0,0,0	0,0,0	0,0,1	0,0,0	0,0,0
0,0,0	1,0,0	0,0,0	0,0,0	0,0,0	0,0,0	0,0,0
0,0,1	0,0,0	0,0,0	0,0,0	0,0,0	0,0,0	0,0,0
0,0,0	0,0,0	0,0,0	0,0,0	0,0,0	0,0,0	1,0,0
0,0,0	0,0,0	0,1,0	0,0,0	0,0,0	0,0,0	0,0,0
0,0,0	0,0,0	0,0,0	0,0,0	1,0,0	0,0,0	0,0,0
0,0,0	0,0,0	0,0,0	0,1,0	0,0,0	0,0,0	0,0,0
0,0,0	0,0,0	0,0,0	1,0,0	0,0,0	0,0,0	0,0,0
1,0,0	0,0,0	0,0,0	0,0,0	0,0,0	0,0,0	0,0,0
0,0,0	0,0,0	0,0,0	0,1,0	0,0,0	0,0,0	0,0,0
0,0,0	0,0,0	0,0,0	0,0,0	0,0,0	0,1,0	0,0,0
0,0,0	0,0,0	0,0,0	0,0,0	1,0,0	0,0,0	0,0,0
0,0,0	0,0,0	0,0,0	1,0,0	0,0,0	0,0,0	0,0,0
0,0,0	0,0,0	0,0,0	0,1,0	0,0,0	0,0,0	0,0,0
0,0,0	0,0,0	0,0,0	0,0,0	0,0,0	0,1,0	0,0,0
0,0,0	0,0,0	0,0,0	0,0,0	0,0,0	1,0,0	0,0,0
0,0,0	0,2,0	0,0,0	0,0,0	0,0,0	0,0,0	0,0,0
0,0,0	0,1,0	0,0,0	0,0,0	0,0,0	0,0,0	0,0,0
0,0,0	0,0,0	0,0,0	0,0,0	1,0,0	0,0,0	0,0,0
0,0,0	0,0,0	0,0,0	0,0,0	1,0,0	0,0,0	0,0,0
0,0,0	0,0,0	0,0,0	0,0,0	1,0,0	0,0,0	0,0,0
0,0,0	0,0,0	0,0,0	0,0,0	0,2,0	0,0,0	0,0,0
0,0,0	0,0,0	0,0,0	0,0,0	1,0,0	0,0,0	0,0,0
0,0,0	0,0,0	0,0,1	0,0,0	0,0,0	0,0,0	0,0,0
0,0,0	0,0,0	0,0,0	0,0,0	0,1,0	0,0,0	0,0,0
0,0,0	0,0,0	0,0,0	0,0,0	1,0,0	0,0,0	0,0,0
0,0,0	0,0,0	0,0,0	0,0,0	1,0,0	0,0,0	0,0,0
0,0,0	1,0,0	0,0,0	0,0,0	0,0,0	0,0,0	0,0,0
0,0,0	0,0,0	0,0,0	0,0,0	0,0,0	2,0,0	0,0,0
0,0,0	0,0,0	0,0,0	1,0,0	0,0,0	0,0,0	0,0,0
0,0,0	0,0,0	0,0,0	1,0,0	0,0,0	0,0,0	0,0,0
0,0,0	0,0,0	0,0,0	1,0,0	0,0,0	0,0,0	0,0,0
0,0,0	0,1,0	0,0,0	0,0,0	0,0,0	0,0,0	0,0,0
0,0,0	0,0,0	0,0,0	1,0,0	0,0,0	0,0,0	0,0,0
0,0,0	0,0,0	0,0,0	1,0,0	0,0,0	0,0,0	0,0,0
0,0,0	0,0,0	0,0,0	0,0,0	0,0,0	0,1,0	0,0,0
0,0,0	0,0,0	0,1,0	0,0,0	0,0,0	0,0,0	0,0,0
0,0,0	0,0,0	0,0,0	1,0,0	0,0,0	0,0,0	0,0,0
0,0,0	0,0,0	0,0,0	0,1,0	0,0,0	0,0,0	0,0,0
0,0,0	0,0,0	0,0,0	0,0,0	0,0,0	0,1,0	0,0,0
0,0,0	0,1,1	0,0,0	0,0,0	0,0,0	0,0,0	0,0,0
0,0,0	0,0,0	0,0,0	0,3,0	0,0,0	0,0,0	0,0,0
0,0,0	0,0,0	0,0,0	0,1,0	0,0,0	0,0,0	0,0,0
0,0,0	0,1,0	0,0,0	0,0,0	0,0,0	0,0,0	0,0,0
0,0,0	0,0,0	0,0,0	0,0,0	0,0,0	1,0,0	0,0,0
0,0,1	0,0,0	0,0,0	0,0,0	0,0,0	0,0,0	0,0,0
0,0,0	0,0,0	1,0,0	0,0,0	0,0,0	0,0,0	0,0,0
1,0,0	0,0,0	0,0,0	0,0,0	0,0,0	0,0,0	0,0,0
0,0,0	0,2,0	0,0,0	0,0,0	0,0,0	0,0,0	0,0,0
0,0,0	0,0,0	0,0,0	0,0,0	0,0,0	0,1,0	0,0,0
0,0,0	0,0,0	0,0,0	0,1,0	0,0,0	0,0,0	0,0,0
0,0,2	0,0,0	0,0,0	0,0,0	0,0,0	0,0,0	0,0,0
0,0,0	0,1,0	0,0,0	0,0,0	0,0,0	0,0,0	0,0,0
0,0,0	0,0,0	0,0,0	1,0,0	0,0,0	0,0,0	0,0,0
0,0,0	0,0,0	0,0,0	0,0,0	0,0,0	2,0,0	0,0,0
0,0,0	0,0,0	0,0,0	0,1,0	0,0,0	0,0,0	0,0,0
0,0,0	0,0,0	0,0,0	0,1,0	0,0,0	0,0,0	0,0,0
0,0,0	0,0,0	0,0,0	0,0,0	0,0,0	1,0,0	0,0,0
0,0,1	0,0,0	0,0,0	0,0,0	0,0,0	0,0,0	0,0,0
0,1,0	0,0,0	0,0,0	0,0,0	0,0,0	0,0,0	0,0,0
0,0,0	0,0,0	0,0,0	2,0,0	0,0,0	0,0,0	0,0,0
0,0,0	0,0,0	0,0,0	3,0,0	0,0,0	0,0,0	0,0,0
0,0,0	2,0,0	0,0,0	0,0,0	0,0,0	0,0,0	0,0,0
0,0,0	0,1,1	0,0,0	0,0,0	0,0,0	0,0,0	0,0,0
0,0,0	0,0,0	0,0,0	0,1,0	0,0,0	0,0,0	0,0,0
0,1,0	0,0,0	0,0,0	0,0,0	0,0,0	0,0,0	0,0,0
0,0,0	0,0,0	0,1,0	0,0,0	0,0,0	0,0,0	0,0,0
0,0,0	0,0,0	0,0,0	0,0,0	0,0,0	0,3,0	0,0,0
0,0,0	0,0,0	0,2,0	0,0,0	0,0,0	0,0,0	0,0,0
0,0,0	0,0,0	0,0,0	0,0,0	0,0,0	1,0,0	0,0,0
0,0,0	0,0,0	2,0,0	0,0,0	0,0,0	0,0,0	0,0,0
0,1,0	0,0,0	0,0,0	0,0,0	0,0,0	0,0,0	0,0,0
0,0,0	0,0,0	0,0,0	0,1,0	0,0,0	0,0,0	0,0,0
1,0,0	0,0,0	0,0,0	0,0,0	0,0,0	0,0,0	0,0,0
0,0,0	0,0,0	0,1,0	0,0,0	0,0,0	0,0,0	0,0,0
0,1,0	0,0,0	0,0,0	0,0,0	0,0,0	0,0,0	0,0,0
0,0,0	0,0,0	0,0,0	0,1,0	0,0,0	0,0,0	0,0,0
0,0,0	0,1,0	0,0,0	0,0,0	0,0,0	0,0,0	0,0,0
0,0,0	0,0,0	0,0,0	0,0,0	0,0,0	0,1,0	0,0,0
0,0,0	0,0,0	0,0,0	0,0,0	1,0,0	0,0,0	0,0,0
0,0,0	0,0,0	2,0,0	0,0,0	0,0,0	0,0,0	0,0,0
0,0,0	0,0,0	0,0,0	0,0,0	0,0,0	1,0,0	0,0,0
0,0,0	0,0,0	0,0,0	0,1,0	0,0,0	0,0,0	0,0,0
0,0,0	0,0,0	0,0,0	0,0,1	0,0,0	0,0,0	0,0,0
0,0,0	0,0,0	0,1,0	0,1,0	0,0,0	0,0,0	0,0,0
0,0,0	0,0,0	0,0,0	0,0,0	0,0,0	0,0,1	0,0,0
0,0,0	0,0,0	0,0,0	1,0,0	0,0,0	0,0,0	0,0,0
0,0,0	0,0,0	0,0,0	0,1,0	0,0,0	0,0,0	0,0,0
0,0,0	0,0,0	0,0,0	0,0,0	0,0,0	1,0,0	0,0,0
0,0,0	0,0,0	0,0,0	0,0,0	0,0,0	0,1,1	0,0,0
0,0,0	0,0,0	0,0,0	0,0,0	0,0,0	0,1,0	0,0,0
0,0,0	0,0,0	0,0,0	0,1,0	0,0,0	0,0,0	0,0,0
0,0,0	0,0,0	0,0,0	0,0,0	0,0,0	1,0,0	0,0,0
0,0,0	0,0,0	0,0,0	0,1,0	0,0,0	0,0,0	0,0,0
0,0,0	0,0,0	0,0,0	0,1,0	0,0,0	0,0,0	0,0,0
0,0,0	0,0,0	0,0,0	1,0,0	0,0,0	0,0,0	0,0,0
0,0,0	0,0,0	1,0,0	0,0,0	0,0,0	0,0,0	0,0,0
0,0,0	0,0,0	0,0,0	0,1,0	0,0,0	0,0,0	0,0,0
0,0,0	0,0,0	0,0,0	0,0,0	0,0,0	0,0,0	1,0,0
0,0,0	0,0,0	0,0,0	1,0,0	0,0,0	0,0,0	0,0,0
0,0,0	0,0,0	0,0,0	1,0,0	0,0,0	0,0,0	0,0,0
1,0,0	0,0,0	0,0,0	0,1,0	0,0,0	0,0,0	0,0,0
0,0,0	0,0,0	0,0,15	0,0,0	0,0,0	0,0,0	0,0,0
0,0,0	0,0,0	0,0,18	0,0,0	0,0,0	0,0,0	0,0,0
0,0,0	0,0,0	1,0,0	0,0,0	0,0,0	0,0,0	0,0,0
0,0,0	0,0,0	0,0,0	0,0,0	0,0,1	0,0,0	0,0,0
0,0,0	1,0,0	0,0,0	0,0,0	0,0,0	0,0,0	0,0,0
0,0,0	0,0,0	0,0,0	0,0,0	0,0,0	0,1,0	0,0,0
0,0,0	0,0,0	0,0,0	0,0,0	0,0,0	1,0,0	0,0,0
0,0,0	0,0,0	0,0,12	0,0,0	0,0,0	0,0,0	0,0,0
0,0,0	0,0,0	0,0,0	0,0,0	0,0,0	1,0,0	0,0,0
0,0,1	0,0,0	0,0,0	0,0,0	0,0,0	0,0,0	0,0,0
0,0,0	0,0,0	0,0,0	0,0,0	0,0,0	0,0,3	0,0,0
0,0,0	0,0,0	0,0,0	0,0,0	0,0,0	0,0,0	1,0,0
0,0,0	0,0,0	0,0,0	0,0,0	1,0,0	0,0,0	0,0,0
0,0,0	0,0,0	0,0,0	0,0,1	0,0,0	0,0,0	0,0,0
0,0,0	0,0,0	0,0,0	0,0,0	1,0,0	0,0,0	0,0,0
0,0,0	0,0,0	1,0,0	0,0,0	0,0,0	1,0,0	0,0,0
0,0,1	0,0,0	0,0,0	0,0,0	0,0,0	0,0,0	0,0,0
0,0,0	0,0,0	0,0,0	0,0,0	0,0,0	0,0,1	0,0,0
0,0,0	1,0,0	0,0,1	0,0,0	0,0,0	0,0,0	0,0,0
1,0,0	0,0,0	0,0,0	0,0,0	0,0,0	0,0,0	0,0,0
0,0,0	0,0,0	0,0,0	3,0,0	0,0,0	0,0,0	0,0,0
0,0,0	0,0,1	0,0,0	0,0,0	0,0,0	0,0,0	0,0,0
1,0,0	0,0,0	0,0,0	0,0,0	0,0,0	0,0,0	0,0,0
1,0,0	0,0,0	0,0,0	0,0,0	0,0,0	0,0,0	0,0,0
0,0,0	0,0,0	0,0,0	0,0,0	0,0,0	0,0,4	0,0,0
0,0,0	0,0,0	0,0,0	0,0,0	0,1,0	0,0,0	0,0,0
0,0,0	0,0,0	0,0,0	0,0,0	0,0,0	0,0,1	0,0,0
0,0,0	0,0,0	0,0,0	0,0,0	0,0,0	0,0,1	0,0,0
0,1,0	0,0,0	0,0,0	0,0,0	0,0,0	0,0,0	0,0,0
0,0,0	0,0,0	0,0,0	0,0,0	0,0,0	1,0,0	0,0,0
0,0,0	0,0,0	0,0,0	0,0,0	0,0,0	1,0,0	0,0,0
0,0,0	0,0,0	0,0,0	0,0,0	0,0,0	0,0,1	0,0,0
0,0,0	0,0,1	0,0,0	0,0,0	0,0,0	0,0,0	0,0,0
0,0,0	0,0,0	0,1,0	0,0,0	0,0,0	0,0,0	0,0,0
0,1,0	0,0,0	0,0,0	0,0,0	0,0,0	0,0,0	0,0,0
0,1,0	0,0,0	0,0,0	0,0,0	0,0,0	0,0,0	0,0,0
0,0,0	0,0,0	0,0,1	0,0,0	0,0,0	0,0,0	0,0,0
0,1,0	0,0,0	0,0,0	0,0,0	0,0,0	0,0,0	0,0,0
0,0,0	0,0,0	0,0,0	0,0,0	0,0,0	0,0,0	0,1,0
0,0,1	0,0,0	0,0,0	0,0,0	0,0,0	0,0,0	0,0,0
0,0,0	0,0,0	0,0,1	0,0,0	0,0,0	0,0,0	0,0,0
0,1,0	0,0,0	0,0,0	0,0,0	0,0,0	0,0,0	0,0,0
0,0,0	0,0,1	0,0,0	0,0,0	0,0,0	0,0,0	0,0,0
0,1,0	0,0,0	0,0,0	0,0,0	0,0,0	0,0,0	0,0,0
0,0,0	0,0,0	0,0,0	0,0,0	0,0,0	1,0,0	0,0,0
0,0,0	0,0,0	0,0,0	1,0,0	0,0,0	0,0,0	0,0,0
1,0,0	0,0,0	0,0,0	0,0,0	0,0,0	0,0,0	0,0,0
0,0,0	0,0,0	0,0,1	0,0,0	0,0,0	0,0,0	0,0,0
0,0,0	0,0,0	0,0,0	0,0,0	0,0,0	0,0,0	1,0,0
0,0,0	0,0,0	0,0,1	0,0,0	0,0,0	0,0,0	0,0,0
0,0,0	1,0,0	0,0,0	0,0,0	0,0,0	0,0,0	0,0,0
0,0,0	0,0,0	1,0,0	0,0,0	0,0,0	0,0,0	0,0,0
0,0,0	0,0,0	0,0,0	0,0,0	0,0,1	0,0,0	0,0,0
0,0,0	0,0,0	0,0,0	0,0,0	0,0,0	0,0,0	0,0,2
0,0,0	0,0,0	0,0,0	0,0,0	0,0,0	0,0,0	0,0,2
0,0,0	0,0,0	0,0,0	0,0,0	0,0,2	0,0,0	0,0,0
0,0,1	0,0,0	0,0,0	0,0,0	0,0,0	0,0,0	0,0,0
0,0,0	0,0,0	0,0,1	0,0,0	0,0,0	0,0,0	0,0,0
0,0,0	0,0,0	0,0,1	0,0,0	0,0,0	0,0,0	0,0,0
0,0,0	0,0,0	0,0,3	0,0,0	0,0,0	0,0,0	0,0,0
0,0,0	0,0,0	0,0,1	0,0,0	0,0,0	0,0,0	0,0,0
0,0,0	0,0,0	0,0,0	0,0,0	0,0,0	1,0,0	0,0,0
0,0,0	1,0,0	0,0,0	0,0,0	0,0,0	0,0,0	0,0,0
0,0,0	0,0,0	0,0,1	0,0,0	0,0,0	0,0,0	0,0,0
0,0,0	0,0,0	0,0,0	0,0,0	0,0,1	0,0,0	0,0,0
0,0,0	0,0,0	0,0,0	0,0,0	0,1,0	0,0,0	0,0,0
0,0,0	0,0,0	0,0,0	0,0,0	0,0,0	0,0,1	0,0,0
0,0,0	0,0,0	0,0,2	0,0,0	0,0,0	0,0,0	0,0,0
0,0,0	1,0,0	0,0,0	0,0,0	0,0,0	0,0,0	0,0,0
0,0,0	0,0,0	0,0,0	0,0,0	0,0,0	0,0,0	2,0,0
0,0,0	0,0,0	2,0,0	0,0,0	0,0,0	0,0,0	0,0,0
0,0,0	0,0,0	0,0,1	0,0,0	0,0,0	0,0,0	0,0,0
0,0,0	0,0,0	0,0,0	0,0,0	0,0,0	0,0,1	0,0,0
0,2,0	0,0,0	0,0,0	0,0,0	0,0,0	0,0,0	0,0,0
0,0,0	0,1,0	0,0,0	0,0,0	0,0,0	0,0,0	0,0,0
0,0,0	1,0,0	0,0,0	0,0,0	0,0,0	0,0,0	0,0,0
0,0,0	0,1,0	0,0,0	0,0,0	0,0,0	0,0,0	0,0,0
0,0,0	0,0,0	0,0,0	0,0,0	0,0,0	0,0,0	0,0,1
0,0,0	0,1,0	0,0,0	0,0,0	0,0,0	0,0,0	0,0,0
0,0,0	0,0,0	0,0,0	0,0,0	2,0,0	0,0,0	0,0,0
0,0,0	0,1,0	0,0,0	0,0,0	0,0,0	0,0,0	0,0,0
0,0,0	0,0,0	0,0,0	0,1,0	0,0,0	0,0,0	0,0,0
0,0,0	0,0,1	0,0,0	0,0,0	0,0,0	0,0,0	0,0,0
0,0,0	1,0,0	0,0,0	0,0,0	0,0,0	0,0,0	0,0,0
0,0,0	0,0,1	0,0,0	0,0,0	0,0,0	0,0,0	0,0,0
0,0,0	0,0,1	0,0,0	0,0,0	0,0,0	0,0,0	0,0,0
0,0,0	0,0,0	0,0,0	0,0,0	1,0,0	0,0,0	0,0,0
0,0,0	0,0,0	0,0,0	0,0,0	1,0,0	0,0,0	0,0,0
0,0,0	0,0,0	0,0,0	0,0,0	0,0,0	0,0,1	0,0,0
0,0,0	0,0,1	0,0,0	0,0,0	0,0,0	0,0,0	0,0,0
0,0,0	0,0,0	0,0,0	0,0,0	0,0,1	0,0,0	0,0,0
0,0,0	1,0,0	0,0,0	0,0,0	0,0,0	0,0,0	0,0,0
0,0,0	0,0,0	0,0,0	0,0,0	0,0,0	0,0,0	1,0,0
0,0,0	0,0,0	1,0,0	0,0,0	0,0,0	0,0,0	0,0,0
0,0,0	0,0,0	0,0,0	0,0,0	2,0,0	0,0,0	0,0,0
0,0,0	0,0,0	0,0,1	0,0,0	0,0,0	0,0,0	0,0,0
0,1,0	0,0,0	0,0,0	0,0,0	0,0,0	0,0,0	0,0,0
0,0,0	0,0,0	0,0,0	0,0,0	0,1,0	0,0,0	0,0,0
0,0,0	0,0,0	1,0,0	0,0,0	0,0,0	0,0,0	0,0,0
0,0,0	0,0,0	0,1,0	0,0,0	0,0,0	0,0,0	0,0,0
0,0,0	0,1,0	0,0,0	0,0,0	0,0,0	0,0,0	0,0,0
0,0,0	0,0,0	0,1,0	0,0,0	0,0,0	0,0,0	0,0,0
0,1,0	0,0,0	0,0,0	0,0,0	0,0,0	0,0,0	0,0,0
0,0,0	0,0,0	0,0,0	0,0,0	0,0,0	0,0,1	0,0,0
0,0,0	0,1,0	0,0,0	0,0,0	0,0,0	0,0,0	0,0,0
0,0,0	0,0,0	0,0,0	0,0,0	0,0,0	0,0,1	0,0,0
0,0,0	0,0,0	0,0,0	0,0,0	0,1,0	0,0,0	0,0,0
0,1,0	0,0,0	0,0,0	0,0,0	0,0,0	0,0,0	0,0,0
0,0,0	0,0,0	0,0,0	0,0,0	0,0,0	0,0,1	0,0,0
0,0,0	0,0,0	0,0,0	0,0,0	0,0,0	0,0,1	0,0,0
0,0,0	0,0,0	0,1,0	0,0,0	0,0,0	0,0,0	0,0,0
0,0,0	0,0,0	0,0,0	0,0,0	0,0,0	0,0,0	0,0,1
0,0,0	0,0,0	0,0,1	0,0,0	0,0,0	0,0,0	0,0,0
0,0,0	0,0,0	0,0,0	0,0,0	0,0,0	0,1,0	0,0,0
0,0,0	0,0,0	1,0,0	0,0,0	0,0,0	0,0,0	0,0,0
0,0,0	0,0,0	1,0,0	0,0,0	0,0,0	0,0,0	0,0,0
0,0,0	0,0,0	1,0,0	0,0,0	0,0,0	0,0,0	0,0,0
0,0,0	0,0,0	0,0,0	0,0,0	0,0,0	1,0,0	0,0,0
0,0,0	0,0,0	0,0,1	0,0,0	0,0,0	0,0,0	0,0,0
0,0,0	0,0,0	1,0,0	0,0,0	0,0,0	0,0,0	0,0,0
0,0,0	0,0,0	0,0,0	0,0,0	0,0,0	0,0,1	0,0,0
0,1,0	0,0,0	0,0,0	0,0,0	0,0,0	0,0,0	0,0,0
0,0,0	0,0,0	1,0,0	0,0,0	0,0,0	0,0,0	0,0,0
0,0,0	0,0,0	0,0,1	0,0,0	0,0,0	0,0,0	0,0,0
0,0,0	0,0,0	0,0,0	0,0,0	0,0,0	0,1,0	0,0,0
0,0,0	0,0,0	0,0,0	0,0,0	0,0,0	0,0,1	0,0,0
0,0,0	0,0,1	0,0,0	0,0,0	0,0,0	0,0,0	0,0,0
0,0,0	0,0,0	0,0,1	0,0,0	0,0,0	0,0,0	0,0,0
0,0,0	0,0,0	0,0,0	0,0,0	0,0,0	0,0,0	0,0,1
0,0,0	0,0,0	1,0,0	0,0,0	0,0,0	0,0,0	0,0,0
0,0,0	0,0,0	0,0,0	0,0,1	0,0,0	0,0,0	0,0,0
0,0,1	0,0,0	0,0,0	0,0,0	0,0,0	0,0,0	0,0,0
0,0,0	0,0,0	0,0,0	0,0,0	0,0,0	1,0,0	0,0,0
0,0,0	0,0,0	0,0,0	0,0,0	0,0,0	0,0,1	0,0,0
