24	54	6	3	63	9	54
8	67	5	9	56	4	32
10	9	34	2	14	8	18
2	12	15	6	7	18	18
7	24	5	4	35	9	26
3	18	6	0	7	5	17
32	17	36	4	34	22	14
6	33	4	23	15	13	22
5	39	24	8	7	1	8
1	26	4	15	8	3	8
5	21	17	0	13	5	13
13	18	3	8	34	2	19
13	34	3	9	4	15	15
23	32	16	0	7	1	4
4	14	5	10	20	26	0
4	15	10	16	14	12	16
1	31	16	9	44	4	15
10	4	6	7	29	3	19
5	7	4	2	29	0	6
1	50	14	2	4	2	9
35	21	14	2	82	24	23
23	69	27	0	20	43	24
7	22	2	6	9	18	50
3	21	8	26	32	13	2
13	27	16	2	23	19	74
9	17	0	4	11	35	12
17	11	4	4	15	16	6
2	31	7	6	19	16	24
9	26	5	57	10	6	3
1	23	13	0	38	19	6
12	41	57	33	23	19	9
4	12	43	13	4	2	3
7	32	9	6	64	38	10
4	17	13	10	4	15	5
12	12	8	5	6	6	1
8	31	27	16	17	1	0
5	21	25	11	24	5	1
42	51	19	5	23	1	12
8	22	25	7	0	8	0
110	64	90	21	27	17	0
35	34	21	26	9	11	9
8	24	11	10	3	3	0
20	8	20	2	1	5	6
4	22	22	7	20	0	0
8	33	40	3	19	19	9
10	17	9	9	8	7	0
17	37	12	2	5	11	2
13	11	0	5	26	3	3
15	42	7	15	80	5	5
6	12	30	2	14	11	2
12	7	30	3	3	5	0
20	20	26	20	16	0	4
6	21	32	0	27	12	8
23	17	33	7	0	0	0
16	49	32	2	7	11	1
13	35	36	5	23	15	19
4	21	35	4	39	15	5
40	36	24	3	9	12	0
2	16	19	17	4	2	0
10	16	7	10	4	3	1
0	27	14	0	9	14	0
1	10	18	21	7	0	0
15	3	12	0	14	12	0
2	10	19	1	57	9	1
9	30	42	39	29	39	6
61	60	59	49	28	41	2
9	6	28	13	3	4	0
6	20	18	3	9	0	0
23	33	7	13	7	17	3
1	15	10	14	5	2	13
8	22	22	5	11	7	5
18	18	26	13	10	4	23
7	18	11	20	7	4	21
13	12	7	10	6	3	0
1	70	71	33	10	12	0
7	10	8	15	5	8	9
23	60	38	26	18	13	12
8	29	0	36	16	12	1
3	17	5	3	41	5	0
0	11	9	30	0	2	0
26	52	13	47	15	39	8
13	5	33	14	9	5	0
0	24	18	32	13	22	2
2	17	4	7	8	18	4
3	16	25	43	2	9	2
6	20	17	1	12	5	7
17	5	6	5	4	10	8
13	19	9	9	8	22	7
4	25	3	8	7	9	0
15	33	19	6	16	32	0
41	19	19	12	6	10	6
7	39	70	1	35	21	15
6	24	23	6	5	0	8
0	15	10	8	14	7	8
9	36	7	1	29	8	6
10	22	38	7	10	4	4
31	48	55	5	26	68	3
1	4	24	7	0	16	6
17	37	49	0	5	7	13
12	17	17	3	3	20	10
