133	80
106	75
73	22
67	11
61	49
20	36
96	63
70	46
70	22
53	12
53	21
73	24
60	33
55	28
60	19
51	36
87	33
50	28
37	16
63	19
168	33
139	67
82	32
90	15
87	87
50	38
53	20
70	35
70	46
57	43
165	29
64	17
103	63
59	9
39	11
75	25
59	33
79	74
56	14
236	93
103	42
43	16
33	29
45	30
93	38
48	12
64	22
31	30
104	65
54	23
42	18
72	34
74	32
63	17
87	31
94	52
99	24
87	37
44	16
42	9
48	16
43	14
39	17
42	57
116	78
214	86
45	18
44	12
82	21
45	15
49	31
78	34
64	24
47	4
106	91
47	15
132	58
60	42
44	30
41	11
100	100
52	27
83	28
42	18
64	36
59	9
42	13
64	23
36	20
79	42
82	31
85	103
28	44
45	17
69	27
64	31
132	104
46	12
75	53
54	28
