0.650536398467433	0.3494636015325669
0.6184497816593886	0.3815502183406114
0.7681118881118881	0.23188811188811218
0.7332936507936505	0.2667063492063492
0.6483544303797468	0.35164556962025295
0.5925480769230771	0.4074519230769231
0.5937439613526567	0.4062560386473433
0.5777439024390243	0.4222560975609757
0.6795357142857139	0.32046428571428576
0.6772123893805309	0.3227876106194691
0.7172131147540983	0.28278688524590156
0.7433793103448281	0.25662068965517226
0.640709219858158	0.3592907801418442
0.6902290076335872	0.3097709923664121
0.7330708661417314	0.26692913385826794
0.6185925925925926	0.3814074074074078
0.760625	0.23937499999999998
0.6873809523809525	0.31261904761904746
0.6764851485148518	0.3235148514851483
0.7390384615384613	0.2609615384615383
0.7734538152610441	0.22654618473895594
0.6727165354330709	0.32728346456692914
0.7524074074074073	0.24759259259259273
0.7942810457516332	0.20571895424836584
0.5885360360360358	0.4114639639639639
0.6224632352941176	0.3775367647058823
0.7100826446280997	0.2899173553719007
0.7420261437908495	0.25797385620915037
0.6279878048780488	0.3720121951219512
0.6822635135135132	0.31773648648648667
0.8005165289256202	0.19948347107438014
0.7408139534883723	0.2591860465116276
0.6768925233644865	0.3231074766355141
0.7977155172413791	0.20228448275862068
0.723622448979592	0.27637755102040834
0.8197297297297303	0.1802702702702704
0.7159999999999996	0.28400000000000003
0.629776119402985	0.370223880597015
0.7644915254237286	0.23550847457627117
0.7455039787798402	0.2544960212201592
0.7677979274611404	0.2322020725388602
0.718598130841121	0.28140186915887805
0.6812272727272728	0.31877272727272726
0.696138211382114	0.3038617886178866
0.7860893854748602	0.21391061452513951
0.7602777777777773	0.2397222222222219
0.6809701492537316	0.3190298507462689
0.6205504587155964	0.3794495412844038
0.5976036866359429	0.40239631336405624
0.7888400000000004	0.21115999999999993
0.7233796296296309	0.27662037037037085
0.6923376623376624	0.30766233766233736
0.71038961038961	0.28961038961038965
0.7612890625	0.2387109375
0.7309638554216865	0.2690361445783132
0.6323453608247426	0.36765463917525765
0.7518421052631562	0.248157894736842
0.6671802325581393	0.3328197674418603
0.7247685185185189	0.2752314814814818
0.7263636363636369	0.273636363636364
0.7364732142857144	0.2635267857142855
0.7359999999999992	0.26400000000000007
0.7572596153846152	0.24274038461538455
0.5393197278911562	0.4606802721088437
0.596859504132231	0.40314049586776873
0.6829885057471268	0.3170114942528735
0.7193243243243242	0.2806756756756759
0.7472596153846156	0.25274038461538473
0.7277483443708612	0.2722516556291389
0.7013888888888896	0.2986111111111118
0.6861328125	0.3138671875
0.7109687499999999	0.28903125000000024
0.7322058823529418	0.26779411764705907
0.8135353535353507	0.1864646464646462
0.537142857142857	0.4628571428571428
0.6854545454545454	0.3145454545454545
0.6992226890756302	0.30077731092436977
0.633366666666667	0.36663333333333314
0.61422131147541	0.3857786885245901
0.7102999999999995	0.2896999999999999
0.5203427419354838	0.47965725806451603
0.7022834645669286	0.2977165354330712
0.6917924528301882	0.30820754716981147
0.631203703703704	0.36879629629629646
0.6740202702702703	0.32597972972973
0.7659482758620692	0.2340517241379311
0.6759708737864074	0.3240291262135921
0.7187407407407415	0.2812592592592594
0.694903846153846	0.3050961538461536
0.6780473372781068	0.3219526627218932
0.7257453416149069	0.27425465838509344
0.5021186440677965	0.49788135593220345
0.5416666666666666	0.45833333333333337
0.7190000000000005	0.281
0.6800000000000003	0.31999999999999995
0.7043006993006987	0.2956993006993005
0.6164084507042249	0.3835915492957747
0.7354245283018865	0.2645754716981132
0.6351136363636362	0.3648863636363637
0.6135000000000006	0.3864999999999997
